1.67514e+08 4860430
1.79769e+06 0
6.97242e+07 2107969
7.06955e+07 2463181
7.09649e+07 2565534
7.3688e+07 2672026
7.18954e+07 2601649
7.66037e+07 2706288
7.6325e+07 2704775
6.99145e+07 2413909
7.19829e+07 2628469
7.07719e+07 2554642
7.58995e+07 2704010
7.42139e+07 2698457
7.66895e+07 2709580
7.06214e+07 2420705
7.34387e+07 2659487
7.69066e+07 2709804
7.7404e+07 2714343
7.38596e+07 2677846
7.07596e+07 2477250
8.11645e+07 2751279
7.224e+07 2646247
7.27396e+07 2648349
7.25605e+07 2647483
6.9433e+07 2063987
7.34375e+07 2659367
7.91763e+07 2731173
7.19604e+07 2626349
8.00548e+07 2736461
8.02401e+07 2741984
6.90429e+07 2001743
7.84517e+07 2725546
7.33888e+07 2658082
7.22016e+07 2642614
6.89503e+07 1947118
7.93926e+07 2731254
7.25449e+07 2646353
7.04159e+07 2417478
7.65206e+07 2705346
7.80537e+07 2717896
8.08051e+07 2745492
7.46551e+07 2702626
7.16343e+07 2597101
7.18982e+07 2603934
7.30467e+07 2655397
7.9077e+07 2725745
7.76278e+07 2715976
8.23007e+07 2751515
7.12521e+07 2587840
7.51042e+07 2703153
