185389 0
193907 322889
194956 346935
194556 326098
209454 380244
209953 380705
212477 383091
307021 415216
197761 350680
212567 385231
216306 387839
198788 358017
196727 347858
202544 372796
318527 427641
306541 415164
201035 360642
208552 377869
201880 361982
248556 404767
206769 373657
200817 358589
324303 434899
317530 426522
297227 411315
319623 428677
322371 430065
254383 407115
247097 402774
246005 399200
312875 420831
250444 406172
216791 396107
206795 376987
309018 415539
276194 409240
236947 398974
255312 407728
314930 422250
210414 381368
372405 440997
204453 372859
202104 365677
207670 377016
326111 437414
290299 410204
315156 423518
311631 418456
279531 410074
385185 441415
332084 438774
219998 396467
332958 438860
