1339
0
1
2
3
17
18
19
20
42
48
49
50
55
56
57
58
59
60
61
62
63
64
65
66
67
83
84
85
86
87
88
89
90
98
99
100
101
102
103
105
106
107
124
125
126
127
129
148
149
150
151
156
157
158
159
160
165
166
180
181
209
210
211
212
213
214
215
219
220
221
222
223
224
254
255
256
287
288
289
290
294
295
298
299
300
301
302
303
304
305
310
311
312
313
314
315
316
317
318
319
320
321
322
328
329
330
331
339
340
341
366
367
368
399
400
401
402
405
406
410
411
412
433
434
435
436
459
460
461
462
463
464
465
472
473
474
478
493
494
495
496
501
502
503
505
506
507
508
509
510
511
512
525
526
527
528
529
536
537
538
539
560
561
562
568
569
570
577
578
579
580
599
600
601
602
605
606
607
608
609
633
634
635
636
651
652
653
660
661
674
675
676
709
710
722
723
724
726
727
728
732
733
734
735
736
737
738
740
741
742
743
751
752
753
754
755
778
779
780
781
786
787
788
789
791
792
793
794
799
814
815
816
827
847
852
853
854
865
896
897
900
901
902
903
925
926
927
928
929
930
931
932
933
934
950
951
952
953
954
955
956
957
965
966
969
983
984
1000
1001
1002
1003
1011
1012
1013
1014
1024
1025
1026
1027
1037
1038
1039
1048
1049
1050
1051
1052
1053
1054
1055
1059
1060
1061
1062
1063
1064
1070
1071
1072
1073
1090
1091
1098
1099
1100
1101
1108
1109
1138
1139
1140
1141
1142
1143
1144
1145
1146
1147
1148
1152
1153
1154
1155
1156
1157
1161
1162
1174
1175
1176
1177
1178
1179
1180
1181
1182
1183
1184
1185
1186
1187
1188
1192
1193
1194
1195
1196
1197
1220
1221
1222
1223
1232
1233
1234
1243
1244
1245
1262
1263
1264
1275
1276
1277
1278
1283
1284
1285
1286
1300
1301
1302
1303
1307
1308
1322
1323
1328
1329
1330
1331
1340
1341
1342
1343
1344
1345
1346
1361
1362
1363
1364
1371
1372
1373
1385
1386
1387
1388
1389
1390
1410
1418
1419
1420
1425
1426
1427
1428
1429
1434
1435
1436
1437
1438
1439
1440
1441
1445
1446
1447
1455
1456
1457
1458
1459
1460
1468
1469
1470
1471
1481
1482
1483
1484
1490
1495
1496
1498
1499
1500
1501
1502
1503
1504
1507
1508
1509
1514
1515
1516
1517
1518
1519
1520
1527
1528
1562
1563
1572
1573
1574
1575
1577
1578
1579
1580
1581
1587
1588
1589
1590
1608
1609
1611
1616
1617
1618
1623
1624
1625
1626
1627
1634
1648
1653
1654
1658
1659
1660
1661
1662
1663
1664
1665
1681
1682
1691
1692
1693
1694
1695
1696
1697
1698
1701
1702
1703
1704
1705
1706
1707
1708
1709
1710
1711
1714
1715
1716
1717
1718
1719
1732
1733
1734
1773
1774
1775
1776
1777
1778
1779
1780
1781
1782
1783
1784
1785
1795
1796
1797
1798
1820
1821
1822
1823
1837
1838
1839
1840
1855
1856
1859
1860
1861
1869
1870
1871
1875
1876
1877
1878
1879
1890
1891
1892
1902
1903
1904
1929
1932
1933
1934
1935
1936
1941
1942
1943
1950
1951
1952
1953
1954
1955
1956
1957
1976
1977
1978
2002
2003
2004
2005
2026
2027
2028
2029
2030
2031
2032
2033
2034
2035
2036
2037
2038
2051
2052
2053
2054
2055
2056
2057
2058
2065
2066
2067
2068
2069
2070
2071
2075
2076
2077
2078
2079
2080
2081
2082
2083
2095
2096
2108
2109
2110
2130
2131
2132
2133
2134
2140
2141
2142
2147
2148
2149
2161
2162
2163
2164
2169
2170
2171
2172
2184
2185
2186
2191
2192
2193
2205
2206
2207
2208
2209
2210
2216
2217
2218
2246
2247
2248
2249
2250
2251
2268
2269
2270
2271
2272
2273
2274
2278
2279
2280
2283
2284
2285
2289
2290
2291
2296
2297
2304
2305
2306
2317
2318
2319
2320
2328
2329
2330
2331
2332
2333
2337
2338
2339
2365
2366
2400
2401
2402
2403
2404
2405
2406
2407
2408
2412
2413
2414
2415
2416
2417
2428
2429
2430
2431
2432
2433
2435
2436
2437
2440
2441
2444
2445
2446
2457
2458
2459
2460
2461
2462
2463
2464
2465
2466
2467
2468
2469
2475
2476
2477
2478
2479
2480
2493
2494
2495
2496
2497
2530
2531
2532
2533
2534
2535
2536
2537
2550
2551
2552
2553
2554
2557
2558
2559
2564
2565
2566
2570
2571
2572
2573
2589
2590
2607
2608
2609
2610
2611
2612
2613
2625
2626
2627
2669
2670
2671
2672
2688
2689
2690
2712
2713
2714
2715
2719
2720
2721
2739
2740
2741
2742
2760
2761
2762
2763
2767
2768
2769
2770
2771
2783
2784
2785
2786
2787
2788
2789
2801
2802
2803
2809
2810
2811
2820
2821
2822
2823
2824
2825
2842
2843
2844
2845
2851
2852
2853
2854
2859
2860
2861
2862
2869
2870
2874
2875
2876
2880
2881
2882
2883
2894
2895
2896
2897
2902
2903
2904
2908
2909
2910
2911
2912
2916
2917
2918
2919
2934
2935
2936
2937
2938
2949
2950
2956
2957
2958
2959
2969
2970
2974
2975
2994
2995
2996
2997
2998
3003
3004
3005
3022
3023
3024
3025
3029
3030
3031
3032
3036
3037
3038
3043
3044
3045
3046
3051
3052
3053
3067
3068
3069
3077
3078
3079
3080
3085
3086
3133
3159
3160
3161
3162
3163
3166
3167
3168
3172
3173
3174
3175
3176
3177
3178
3185
3186
3187
3188
3191
3192
3193
3194
3197
3198
3199
3200
3207
3208
3209
3210
3211
3215
3216
3217
3218
3231
3232
3233
3234
3235
3236
3237
3238
3239
3240
3241
3242
3243
3244
3245
3253
3254
3255
3259
3260
3261
3265
3266
3267
3289
3290
3291
3292
3304
3305
3306
3327
3339
3343
3344
3347
3348
3349
3350
3351
3352
3357
3358
3373
3374
3375
3376
3394
3403
3404
3405
3406
3407
3408
3409
3410
3411
3416
3417
3429
3430
3431
3432
3433
3434
3438
3439
3444
3445
3446
3447
3448
3449
3450
3451
3452
3453
3462
3463
3464
3465
3466
3467
3483
3484
3485
3486
3490
3491
3492
3506
3507
3508
3513
3514
3515
3516
3517
3518
3519
3520
3521
3522
3523
3526
3527
3528
3542
3543
3544
3548
3549
3550
3551
3552
3553
3554
3577
3578
3579
3580
3589
3590
3591
3593
3594
3595
3616
3617
3621
3622
3623
3624
3625
3626
3627
3638
3654
3655
3656
3666
3667
3668
3669
3670
3671
3673
3674
3675
3676
3680
3681
3684
3685
3686
3700
3705
3706
3707
3708
3722
3723
3724
3732
3733
3734
3735
3763
3764
3765
3766
3770
3775
3776
3777
3778
3779
3780
3781
3782
3799
3800
3801
3802
3803
3804
3805
3806
3817
3820
3821
3822
3826
3827
3828
3829
3844
3862
3863
3864
3865
3866
3867
3868
3869
3870
3881
3882
3883
3884
3885
3886
3887
3888
3909
3910
3911
3912
3931
3932
3933
3934
3935
3936
3945
3946
3947
3948
3949
3950
3951
3952
3954
3955
3956
3971
3972
3973
3974
3982
3987
3988
3989
3990
3991
3992
3997
3998
3999
4000
4001
4002
4003
4004
4005
4006
4007
4011
4012
4013
4014
4031
4032
4033
4034
4048
4049
4050
4051
4052
4053
4054
4055
4076
4077
4088
4089
4096
4097
4098
4109
4110
4111
4129
4130
4131
4150
4151
4152
4153
4158
4159
4160
4161
4180
4181
4187
4188
4189
4190
4191
4201
4202
4203
4204
4231
4232
4233
4234
4235
4236
4237
4248
4249
4254
4255
4256
4257
4258
4259
4260
4261
4262
4280
4281
4282
4293
4294
4320
4321
4322
4327
4328
4329
4342
4343
4344
4357
4358
4359
4360
4361
4362
4363
4389
4390
4391
4392
4393
4401
4402
4403
4407
4408
4417
4418
4419
4434
4435
4436
4441
4445
4446
4447
4448
4455
4456
4457
4458
4459