10136
1
3
4
5
8
10
12
13
18
23
24
25
27
30
34
36
37
39
42
45
46
49
51
54
57
59
60
61
63
65
66
67
68
69
70
75
78
79
80
81
83
85
88
89
90
91
92
93
94
97
98
106
111
115
117
118
120
121
122
127
128
129
130
132
133
134
138
140
141
145
146
153
154
156
158
161
162
166
168
169
171
173
176
178
182
183
186
187
188
189
190
192
193
195
196
199
200
201
202
206
210
211
212
215
220
221
224
225
228
229
230
232
234
237
238
241
242
244
247
250
255
257
259
262
263
264
265
266
267
268
271
273
277
280
282
285
288
290
291
293
294
298
300
306
309
311
312
313
316
319
320
327
328
330
331
332
335
338
342
345
346
347
348
350
351
353
358
359
360
363
365
368
371
374
376
378
381
383
386
389
390
391
392
393
401
403
405
411
414
415
417
418
419
423
424
425
427
428
431
434
437
438
439
442
444
445
446
447
452
453
454
455
464
466
469
470
474
475
479
480
481
482
483
484
486
489
492
495
497
504
505
506
511
513
517
519
524
526
527
528
529
530
531
532
533
534
538
541
545
548
549
557
560
563
566
568
571
573
579
583
584
594
595
598
599
601
603
605
606
608
609
610
617
619
620
623
624
625
628
633
634
635
637
639
642
644
647
648
649
652
653
654
656
658
660
661
662
665
670
672
676
677
678
679
680
683
684
685
687
688
691
692
695
696
702
703
705
710
713
718
719
723
724
725
727
728
729
730
731
733
734
738
742
746
747
749
750
756
757
758
762
763
764
766
767
768
769
770
772
778
779
781
784
788
790
792
793
795
796
797
798
800
801
804
807
808
809
810
813
815
816
817
818
819
820
821
822
825
829
833
834
837
844
850
851
855
856
857
861
863
864
866
867
870
872
877
878
881
883
885
888
890
892
894
895
897
899
902
903
904
905
907
908
909
910
911
913
914
916
917
918
921
922
925
927
930
931
932
933
935
938
941
942
944
945
946
947
948
951
952
957
958
961
963
965
966
968
969
973
974
975
977
983
986
988
993
999
1000
1003
1005
1006
1008
1012
1013
1019
1020
1021
1028
1029
1031
1037
1038
1042
1044
1049
1050
1051
1054
1060
1061
1063
1064
1066
1068
1070
1071
1073
1080
1082
1083
1084
1085
1086
1089
1090
1093
1095
1099
1101
1109
1112
1113
1115
1121
1124
1126
1128
1129
1131
1132
1133
1135
1136
1137
1139
1140
1143
1147
1148
1149
1153
1156
1158
1161
1162
1164
1165
1166
1167
1170
1172
1178
1180
1183
1185
1190
1191
1194
1195
1197
1198
1200
1202
1205
1207
1211
1213
1216
1218
1221
1223
1224
1226
1227
1231
1232
1236
1238
1239
1240
1241
1248
1251
1253
1254
1257
1263
1265
1267
1268
1269
1272
1274
1275
1276
1277
1278
1280
1281
1285
1286
1287
1289
1293
1295
1296
1299
1300
1301
1302
1306
1308
1312
1314
1315
1316
1321
1322
1323
1327
1329
1335
1336
1337
1338
1339
1340
1344
1345
1347
1350
1351
1352
1355
1357
1358
1359
1362
1368
1372
1375
1376
1377
1378
1379
1380
1382
1384
1385
1390
1391
1394
1395
1399
1404
1405
1408
1409
1410
1412
1413
1414
1415
1416
1418
1420
1421
1425
1428
1431
1432
1433
1435
1436
1439
1440
1441
1443
1444
1445
1446
1447
1449
1450
1451
1452
1456
1457
1465
1466
1468
1469
1472
1475
1478
1479
1481
1483
1484
1485
1487
1489
1490
1491
1492
1495
1496
1497
1498
1501
1502
1505
1506
1507
1508
1509
1510
1516
1519
1522
1523
1524
1527
1528
1530
1531
1533
1537
1538
1542
1543
1544
1546
1547
1548
1549
1557
1561
1565
1566
1569
1570
1571
1572
1573
1574
1579
1581
1583
1584
1586
1587
1589
1591
1597
1599
1600
1601
1604
1606
1608
1612
1615
1617
1624
1625
1630
1632
1636
1640
1642
1643
1645
1649
1653
1655
1656
1658
1659
1660
1661
1664
1668
1669
1671
1672
1676
1677
1681
1683
1684
1687
1689
1691
1692
1694
1695
1696
1699
1702
1705
1706
1708
1709
1710
1711
1712
1714
1716
1717
1718
1719
1722
1723
1730
1731
1732
1733
1734
1736
1737
1744
1745
1750
1752
1753
1754
1755
1758
1759
1765
1769
1772
1775
1778
1785
1786
1797
1803
1804
1808
1810
1812
1813
1816
1817
1818
1820
1821
1822
1825
1827
1828
1830
1832
1834
1835
1838
1839
1841
1843
1846
1847
1849
1851
1853
1857
1859
1862
1864
1865
1866
1867
1869
1870
1873
1874
1877
1878
1879
1882
1884
1885
1886
1887
1890
1892
1893
1894
1895
1896
1898
1899
1900
1902
1903
1904
1905
1906
1908
1911
1912
1913
1915
1916
1919
1922
1925
1934
1936
1937
1940
1943
1947
1948
1949
1950
1951
1953
1954
1955
1957
1958
1959
1960
1961
1962
1964
1969
1973
1975
1976
1979
1982
1983
1985
1987
1989
1990
1992
1998
1999
2000
2002
2003
2006
2007
2009
2010
2011
2014
2015
2017
2020
2021
2022
2025
2030
2031
2032
2033
2037
2039
2043
2046
2048
2049
2052
2056
2057
2061
2063
2068
2069
2070
2071
2075
2080
2081
2083
2085
2089
2090
2091
2092
2094
2095
2097
2098
2099
2105
2106
2107
2109
2112
2115
2118
2119
2122
2124
2128
2132
2134
2136
2142
2146
2147
2150
2155
2159
2162
2163
2165
2167
2170
2172
2175
2176
2177
2178
2179
2180
2183
2184
2185
2186
2190
2192
2196
2197
2200
2202
2205
2206
2207
2211
2214
2215
2225
2226
2229
2230
2236
2237
2238
2241
2243
2244
2245
2247
2248
2250
2252
2258
2259
2260
2261
2265
2266
2268
2271
2276
2278
2283
2284
2286
2287
2288
2298
2299
2305
2307
2309
2310
2312
2316
2317
2319
2321
2326
2328
2329
2333
2335
2336
2338
2339
2340
2341
2342
2343
2345
2346
2347
2349
2352
2354
2356
2360
2361
2362
2367
2368
2370
2372
2374
2376
2377
2378
2380
2383
2388
2393
2394
2398
2399
2400
2402
2404
2405
2407
2408
2410
2411
2415
2416
2419
2420
2422
2425
2426
2431
2433
2434
2438
2440
2442
2443
2444
2446
2447
2448
2449
2450
2452
2453
2455
2457
2459
2460
2464
2465
2469
2470
2474
2476
2477
2484
2491
2492
2493
2494
2496
2500
2504
2505
2507
2513
2514
2516
2518
2519
2521
2526
2527
2529
2530
2535
2536
2541
2543
2544
2547
2549
2550
2552
2553
2555
2557
2561
2562
2563
2565
2566
2567
2569
2571
2573
2574
2576
2584
2585
2586
2587
2588
2589
2590
2591
2596
2599
2602
2603
2604
2611
2615
2616
2622
2625
2626
2631
2632
2633
2637
2640
2645
2646
2647
2648
2650
2654
2656
2658
2660
2662
2663
2664
2667
2670
2674
2675
2677
2680
2683
2685
2687
2688
2690
2691
2693
2694
2696
2700
2701
2705
2707
2711
2712
2713
2715
2719
2723
2724
2726
2727
2734
2735
2738
2739
2740
2746
2747
2748
2752
2756
2757
2759
2761
2763
2764
2765
2766
2767
2769
2775
2779
2780
2781
2785
2789
2790
2791
2792
2794
2796
2798
2799
2801
2802
2803
2806
2807
2810
2811
2812
2815
2816
2817
2819
2821
2826
2828
2829
2831
2835
2837
2838
2839
2841
2842
2846
2849
2850
2851
2853
2856
2857
2859
2860
2862
2864
2867
2868
2871
2872
2876
2883
2884
2888
2889
2890
2891
2893
2895
2896
2898
2899
2900
2901
2902
2903
2908
2910
2914
2915
2918
2919
2920
2924
2925
2926
2928
2929
2930
2939
2940
2941
2945
2949
2954
2955
2956
2958
2959
2965
2969
2970
2971
2974
2978
2981
2983
2984
2985
2986
2988
2989
2991
2994
2995
3002
3006
3007
3008
3010
3014
3015
3016
3020
3021
3022
3024
3025
3027
3030
3033
3036
3040
3042
3049
3050
3051
3052
3054
3061
3062
3063
3064
3068
3070
3071
3075
3078
3082
3084
3085
3090
3091
3094
3095
3096
3097
3098
3099
3104
3105
3106
3110
3111
3114
3116
3121
3125
3127
3128
3129
3131
3132
3136
3144
3145
3146
3147
3150
3151
3152
3154
3155
3161
3162
3167
3168
3169
3170
3172
3173
3176
3177
3181
3183
3186
3189
3191
3192
3196
3198
3199
3202
3206
3208
3210
3211
3212
3213
3214
3216
3217
3218
3220
3221
3224
3226
3227
3230
3231
3232
3233
3235
3237
3239
3241
3242
3249
3250
3251
3253
3256
3258
3261
3262
3263
3266
3268
3269
3270
3271
3275
3276
3281
3282
3283
3288
3289
3290
3293
3294
3295
3297
3298
3299
3302
3305
3309
3312
3314
3315
3317
3318
3321
3322
3324
3326
3330
3333
3336
3338
3340
3341
3344
3347
3349
3354
3355
3357
3359
3361
3364
3368
3370
3371
3373
3380
3381
3383
3385
3391
3396
3397
3399
3400
3402
3404
3405
3406
3409
3412
3413
3414
3415
3416
3418
3419
3421
3422
3423
3425
3426
3427
3432
3433
3437
3440
3441
3443
3445
3452
3456
3457
3458
3460
3461
3462
3463
3466
3467
3468
3472
3475
3476
3478
3480
3481
3482
3483
3484
3487
3488
3492
3496
3497
3498
3499
3501
3503
3504
3506
3508
3510
3513
3518
3519
3521
3523
3532
3534
3535
3538
3540
3542
3543
3544
3546
3551
3553
3554
3557
3562
3563
3564
3566
3567
3568
3569
3573
3575
3578
3579
3580
3581
3583
3585
3586
3590
3600
3601
3602
3603
3604
3606
3615
3617
3619
3622
3623
3624
3625
3626
3630
3631
3633
3636
3638
3640
3642
3645
3646
3649
3650
3651
3652
3653
3654
3658
3659
3661
3664
3665
3667
3668
3669
3670
3671
3677
3681
3683
3685
3686
3687
3689
3690
3693
3695
3697
3698
3699
3700
3701
3702
3708
3709
3714
3717
3719
3720
3723
3724
3725
3727
3729
3731
3733
3735
3736
3740
3741
3742
3744
3746
3747
3749
3751
3752
3756
3757
3761
3763
3765
3766
3767
3768
3771
3773
3776
3784
3785
3786
3787
3788
3790
3793
3797
3799
3805
3807
3809
3812
3813
3815
3817
3819
3820
3822
3824
3829
3831
3832
3833
3834
3835
3837
3845
3849
3851
3854
3855
3864
3865
3866
3868
3869
3872
3874
3877
3879
3880
3884
3886
3887
3888
3889
3892
3893
3894
3895
3896
3897
3898
3901
3902
3906
3909
3913
3915
3916
3918
3921
3923
3930
3933
3934
3935
3937
3941
3944
3946
3947
3950
3953
3956
3957
3958
3959
3961
3964
3966
3967
3968
3970
3972
3978
3979
3986
3987
3988
3990
3992
3994
3999
4000
4001
4002
4004
4005
4008
4010
4012
4017
4019
4021
4022
4024
4026
4027
4028
4031
4034
4036
4038
4039
4040
4043
4048
4051
4054
4060
4062
4065
4068
4069
4073
4074
4076
4077
4078
4083
4084
4089
4090
4092
4094
4099
4101
4102
4103
4105
4106
4113
4115
4119
4120
4122
4126
4128
4129
4131
4134
4140
4141
4144
4145
4146
4149
4150
4151
4154
4156
4157
4161
4162
4170
4171
4172
4176
4177
4178
4179
4181
4183
4184
4188
4189
4190
4191
4194
4199
4207
4208
4209
4212
4213
4214
4215
4218
4219
4222
4225
4226
4228
4229
4233
4235
4236
4239
4242
4243
4248
4250
4252
4253
4255
4256
4257
4259
4263
4265
4267
4270
4271
4272
4273
4275
4276
4281
4282
4283
4285
4286
4287
4289
4295
4297
4298
4300
4303
4304
4305
4307
4308
4310
4311
4312
4320
4324
4326
4327
4328
4329
4330
4331
4339
4340
4341
4343
4344
4346
4351
4353
4355
4357
4358
4359
4361
4362
4363
4364
4365
4366
4367
4369
4370
4374
4375
4377
4378
4379
4388
4389
4390
4391
4392
4394
4395
4396
4397
4400
4401
4404
4405
4407
4417
4418
4421
4428
4431
4432
4435
4440
4442
4443
4444
4445
4452
4453
4454
4458
4460
4463
4466
4467
4468
4469
4470
4472
4473
4475
4476
4483
4485
4486
4487
4488
4492
4493
4496
4498
4499
4502
4504
4505
4511
4512
4518
4519
4520
4521
4522
4525
4529
4530
4531
4535
4536
4541
4542
4543
4544
4546
4547
4548
4553
4554
4556
4559
4561
4562
4565
4568
4569
4572
4576
4577
4578
4579
4582
4583
4584
4585
4586
4589
4592
4594
4596
4599
4600
4605
4607
4609
4613
4614
4615
4616
4617
4618
4619
4620
4623
4627
4629
4634
4639
4640
4641
4642
4647
4650
4651
4654
4655
4663
4665
4666
4669
4670
4672
4674
4675
4678
4679
4683
4685
4687
4688
4689
4691
4692
4697
4698
4699
4700
4702
4710
4713
4714
4715
4716
4719
4725
4732
4736
4737
4738
4740
4741
4742
4743
4745
4746
4747
4748
4750
4751
4754
4756
4757
4761
4762
4765
4766
4767
4770
4773
4775
4778
4780
4781
4784
4786
4787
4789
4793
4794
4795
4796
4797
4799
4800
4801
4802
4803
4806
4808
4809
4812
4815
4817
4823
4824
4826
4828
4830
4831
4837
4838
4840
4842
4843
4844
4845
4849
4850
4852
4853
4855
4856
4857
4858
4861
4862
4868
4871
4872
4878
4880
4882
4883
4885
4887
4888
4889
4892
4893
4894
4900
4901
4902
4903
4905
4909
4910
4912
4913
4914
4916
4918
4919
4927
4929
4931
4932
4933
4936
4940
4944
4945
4948
4949
4952
4956
4958
4959
4960
4961
4962
4963
4964
4965
4966
4967
4969
4970
4971
4974
4975
4977
4978
4979
4983
4984
4986
4988
4994
4995
4996
5003
5004
5005
5006
5009
5010
5013
5014
5015
5022
5026
5029
5032
5033
5040
5041
5043
5049
5051
5052
5053
5054
5059
5063
5064
5065
5066
5070
5074
5077
5079
5081
5083
5085
5090
5093
5095
5097
5100
5101
5102
5106
5108
5110
5113
5115
5118
5119
5121
5123
5127
5128
5129
5130
5134
5135
5137
5139
5142
5145
5146
5147
5149
5153
5154
5156
5159
5160
5161
5164
5165
5166
5168
5169
5170
5171
5174
5177
5180
5181
5187
5189
5193
5195
5198
5200
5201
5206
5207
5212
5213
5214
5215
5216
5217
5220
5221
5224
5228
5229
5231
5233
5234
5238
5240
5242
5243
5248
5250
5251
5253
5255
5257
5258
5260
5261
5262
5264
5265
5267
5269
5271
5273
5275
5280
5281
5282
5285
5289
5290
5292
5294
5296
5301
5302
5303
5304
5310
5313
5316
5321
5323
5326
5332
5334
5335
5336
5337
5340
5344
5345
5348
5349
5350
5353
5354
5356
5357
5359
5362
5364
5365
5369
5372
5376
5379
5381
5382
5386
5387
5388
5389
5390
5394
5395
5396
5397
5399
5402
5406
5408
5410
5411
5413
5414
5418
5421
5424
5429
5430
5431
5432
5434
5437
5438
5440
5442
5447
5448
5453
5454
5455
5456
5458
5459
5460
5462
5465
5466
5467
5471
5472
5475
5477
5480
5481
5489
5490
5491
5495
5496
5498
5501
5502
5503
5508
5509
5511
5513
5514
5517
5519
5521
5523
5527
5530
5533
5534
5535
5537
5540
5544
5547
5549
5550
5552
5555
5559
5560
5563
5566
5569
5573
5576
5577
5580
5581
5586
5587
5595
5596
5598
5603
5606
5608
5610
5613
5614
5615
5618
5619
5620
5621
5624
5626
5627
5631
5634
5636
5643
5644
5646
5647
5648
5650
5654
5655
5658
5661
5662
5663
5668
5669
5671
5683
5687
5691
5692
5693
5695
5699
5705
5706
5713
5716
5717
5719
5721
5722
5724
5727
5729
5730
5733
5734
5737
5738
5741
5742
5743
5744
5745
5746
5748
5749
5750
5752
5754
5756
5757
5761
5763
5764
5766
5775
5776
5777
5780
5781
5782
5785
5788
5790
5792
5794
5795
5796
5798
5799
5800
5801
5806
5807
5808
5809
5812
5814
5825
5827
5828
5829
5831
5832
5833
5834
5835
5837
5838
5839
5843
5844
5845
5847
5848
5852
5856
5858
5859
5860
5861
5863
5864
5865
5866
5867
5869
5871
5872
5875
5877
5879
5882
5885
5889
5891
5895
5897
5898
5899
5901
5907
5908
5909
5913
5915
5920
5922
5925
5926
5927
5931
5932
5933
5935
5936
5937
5938
5940
5942
5943
5944
5946
5948
5951
5958
5959
5961
5963
5964
5965
5969
5972
5973
5976
5977
5978
5979
5983
5984
5985
5986
5987
5988
5990
5995
5999
6000
6002
6005
6010
6011
6012
6014
6020
6025
6026
6027
6031
6032
6033
6038
6041
6042
6044
6049
6050
6051
6054
6055
6056
6062
6065
6067
6069
6073
6074
6075
6079
6080
6087
6088
6089
6092
6096
6099
6101
6102
6104
6105
6106
6110
6111
6113
6118
6119
6124
6125
6127
6128
6129
6132
6133
6136
6138
6142
6144
6147
6149
6150
6155
6156
6157
6158
6159
6160
6161
6162
6164
6166
6168
6169
6171
6172
6176
6177
6179
6180
6182
6185
6186
6187
6189
6191
6193
6197
6200
6203
6204
6205
6208
6209
6212
6214
6216
6217
6220
6221
6222
6223
6224
6229
6231
6232
6234
6235
6236
6237
6238
6239
6240
6242
6243
6248
6249
6252
6254
6255
6259
6262
6263
6264
6267
6273
6276
6279
6280
6282
6284
6289
6290
6291
6292
6293
6294
6297
6298
6299
6302
6305
6306
6307
6309
6312
6313
6316
6317
6321
6325
6330
6332
6333
6335
6340
6342
6343
6344
6345
6346
6347
6351
6352
6354
6356
6357
6361
6363
6364
6365
6367
6368
6369
6373
6376
6381
6382
6383
6387
6388
6389
6390
6396
6401
6402
6405
6407
6409
6410
6415
6418
6420
6422
6425
6429
6430
6435
6436
6438
6439
6440
6441
6442
6444
6450
6451
6452
6453
6454
6455
6456
6458
6459
6462
6465
6467
6471
6473
6475
6477
6478
6480
6481
6482
6484
6488
6489
6493
6494
6496
6499
6501
6502
6504
6509
6510
6512
6513
6515
6517
6518
6520
6524
6526
6527
6528
6531
6533
6536
6541
6544
6545
6547
6548
6550
6552
6553
6554
6556
6557
6559
6561
6563
6564
6569
6570
6571
6572
6573
6575
6581
6583
6584
6585
6586
6587
6588
6589
6590
6594
6595
6596
6598
6601
6603
6607
6609
6613
6615
6620
6624
6626
6632
6634
6638
6639
6640
6642
6644
6645
6647
6651
6653
6656
6658
6659
6663
6665
6668
6669
6672
6674
6676
6677
6678
6684
6686
6688
6690
6691
6692
6693
6694
6695
6699
6700
6701
6702
6705
6709
6710
6714
6719
6720
6723
6730
6732
6737
6738
6739
6743
6744
6745
6746
6748
6749
6755
6759
6760
6762
6764
6766
6768
6769
6772
6773
6777
6784
6786
6787
6788
6789
6791
6794
6795
6797
6800
6802
6803
6804
6805
6806
6807
6808
6809
6812
6813
6818
6821
6823
6824
6825
6826
6827
6831
6832
6836
6837
6842
6845
6849
6855
6856
6857
6862
6863
6864
6868
6873
6876
6879
6880
6881
6886
6889
6890
6891
6892
6893
6895
6896
6897
6898
6900
6902
6905
6907
6910
6911
6915
6916
6918
6920
6921
6922
6924
6926
6931
6934
6935
6937
6939
6940
6941
6943
6944
6946
6949
6951
6952
6959
6960
6961
6962
6963
6965
6968
6970
6971
6973
6974
6975
6976
6980
6981
6982
6983
6985
6986
6988
6989
6990
6992
6993
6994
6995
6999
7000
7004
7006
7010
7014
7015
7018
7021
7022
7023
7024
7029
7033
7034
7035
7036
7040
7042
7044
7045
7046
7048
7053
7056
7057
7058
7061
7063
7064
7065
7068
7070
7071
7073
7074
7077
7083
7085
7088
7089
7092
7095
7097
7103
7104
7107
7113
7115
7118
7119
7120
7124
7125
7127
7135
7137
7138
7140
7141
7142
7143
7147
7148
7149
7150
7152
7153
7154
7156
7157
7163
7166
7170
7174
7176
7178
7181
7183
7186
7188
7195
7196
7197
7203
7204
7205
7209
7210
7213
7214
7216
7219
7220
7221
7222
7224
7227
7231
7233
7235
7236
7237
7238
7239
7241
7244
7245
7248
7250
7252
7253
7254
7255
7257
7258
7266
7267
7273
7277
7283
7285
7287
7289
7292
7295
7297
7298
7299
7303
7314
7316
7318
7320
7321
7322
7323
7324
7325
7326
7327
7330
7331
7333
7334
7335
7338
7341
7342
7344
7347
7351
7354
7356
7357
7358
7359
7363
7364
7365
7366
7368
7370
7371
7372
7373
7378
7381
7382
7383
7384
7385
7387
7391
7393
7396
7397
7398
7400
7401
7402
7404
7408
7409
7411
7412
7414
7417
7418
7419
7420
7422
7425
7428
7432
7435
7438
7439
7441
7444
7449
7450
7455
7456
7458
7462
7464
7465
7467
7469
7472
7474
7477
7479
7480
7481
7482
7483
7484
7486
7487
7489
7490
7491
7493
7495
7496
7498
7499
7500
7501
7506
7508
7511
7513
7514
7520
7523
7526
7529
7533
7536
7537
7539
7541
7545
7548
7549
7550
7552
7554
7559
7560
7562
7565
7566
7567
7569
7571
7572
7573
7575
7578
7581
7582
7584
7585
7586
7587
7589
7592
7593
7594
7595
7596
7598
7600
7603
7606
7607
7610
7611
7613
7617
7619
7620
7625
7627
7631
7632
7634
7636
7640
7644
7645
7647
7648
7652
7656
7658
7659
7663
7664
7665
7669
7670
7671
7674
7677
7678
7680
7683
7686
7688
7691
7692
7695
7696
7700
7702
7703
7704
7708
7709
7711
7712
7715
7716
7719
7721
7722
7723
7727
7730
7732
7740
7742
7744
7749
7754
7758
7761
7763
7770
7771
7772
7776
7777
7794
7801
7803
7804
7808
7809
7813
7814
7820
7821
7823
7826
7827
7832
7833
7834
7835
7840
7841
7843
7845
7846
7849
7856
7861
7862
7863
7866
7868
7870
7871
7873
7875
7876
7877
7878
7879
7885
7888
7891
7894
7898
7903
7904
7905
7908
7911
7914
7917
7921
7923
7924
7926
7929
7930
7931
7932
7936
7939
7940
7943
7946
7947
7948
7949
7952
7956
7957
7958
7959
7962
7963
7971
7972
7973
7974
7977
7978
7980
7981
7983
7985
7986
7988
7993
7996
7997
8000
8003
8005
8006
8008
8016
8017
8019
8020
8021
8023
8025
8027
8030
8035
8036
8037
8040
8041
8042
8046
8047
8048
8049
8050
8051
8052
8054
8056
8057
8058
8060
8064
8066
8069
8070
8071
8073
8074
8076
8077
8080
8083
8084
8085
8086
8089
8091
8095
8096
8097
8098
8102
8104
8105
8106
8109
8111
8114
8115
8117
8120
8122
8127
8128
8129
8131
8133
8134
8135
8137
8139
8142
8143
8144
8145
8146
8147
8150
8153
8155
8156
8159
8160
8165
8166
8167
8168
8170
8172
8173
8175
8181
8182
8183
8188
8189
8190
8191
8192
8194
8196
8197
8198
8199
8202
8206
8207
8209
8210
8211
8213
8216
8217
8218
8219
8220
8222
8223
8225
8227
8228
8230
8231
8232
8234
8235
8239
8240
8244
8245
8247
8252
8253
8254
8256
8258
8262
8263
8265
8267
8268
8269
8271
8275
8278
8281
8282
8284
8285
8287
8288
8289
8290
8292
8293
8294
8295
8296
8303
8304
8305
8307
8310
8313
8314
8315
8322
8325
8326
8327
8330
8332
8333
8336
8339
8342
8344
8346
8347
8349
8350
8351
8352
8359
8370
8371
8372
8375
8379
8383
8386
8387
8389
8390
8391
8399
8401
8402
8404
8406
8409
8412
8413
8416
8424
8427
8428
8429
8430
8432
8433
8436
8438
8441
8446
8449
8451
8452
8456
8458
8459
8461
8462
8463
8464
8468
8470
8471
8474
8476
8477
8478
8483
8484
8487
8488
8492
8494
8496
8498
8501
8503
8504
8511
8513
8514
8516
8525
8527
8528
8530
8531
8537
8542
8543
8544
8545
8547
8549
8551
8554
8555
8556
8557
8558
8560
8562
8563
8564
8565
8568
8569
8573
8574
8576
8577
8578
8580
8585
8587
8589
8591
8595
8596
8597
8598
8600
8601
8602
8607
8608
8609
8612
8614
8615
8622
8623
8624
8625
8630
8631
8632
8636
8637
8638
8640
8641
8643
8644
8647
8651
8657
8660
8663
8667
8668
8674
8675
8677
8680
8681
8684
8685
8686
8688
8689
8696
8697
8700
8705
8710
8714
8715
8717
8720
8722
8723
8724
8726
8727
8728
8729
8730
8731
8733
8734
8739
8740
8741
8747
8749
8753
8761
8762
8763
8764
8765
8768
8769
8771
8773
8775
8776
8779
8784
8788
8790
8791
8793
8795
8796
8800
8801
8804
8805
8811
8812
8813
8816
8818
8819
8820
8824
8827
8828
8829
8830
8833
8838
8839
8844
8847
8848
8849
8851
8853
8854
8855
8856
8857
8858
8861
8864
8867
8872
8873
8875
8877
8878
8880
8881
8882
8883
8884
8885
8889
8890
8895
8896
8897
8902
8904
8910
8912
8915
8919
8920
8922
8925
8927
8928
8935
8937
8938
8940
8942
8944
8945
8948
8951
8953
8954
8955
8956
8958
8959
8960
8962
8963
8966
8969
8971
8973
8974
8976
8977
8979
8983
8986
8989
8990
8993
8995
8998
9001
9003
9004
9006
9007
9009
9011
9012
9014
9015
9016
9018
9019
9021
9023
9024
9027
9028
9030
9032
9035
9037
9038
9039
9040
9041
9044
9046
9047
9049
9051
9053
9054
9059
9061
9063
9067
9070
9072
9073
9074
9079
9085
9086
9090
9091
9094
9095
9096
9097
9098
9099
9100
9104
9106
9107
9111
9115
9117
9118
9119
9121
9122
9124
9131
9133
9134
9137
9139
9144
9145
9146
9147
9148
9152
9155
9166
9170
9178
9180
9183
9184
9185
9186
9189
9192
9194
9196
9197
9198
9201
9203
9207
9210
9211
9217
9221
9223
9227
9228
9230
9232
9233
9235
9237
9238
9241
9242
9243
9246
9251
9252
9254
9255
9257
9258
9262
9263
9266
9268
9269
9270
9271
9272
9276
9278
9281
9282
9283
9287
9289
9293
9294
9295
9297
9298
9301
9303
9306
9310
9311
9313
9315
9317
9318
9319
9326
9327
9330
9331
9332
9334
9335
9336
9337
9342
9346
9347
9349
9350
9354
9357
9359
9363
9367
9369
9371
9373
9374
9376
9377
9380
9381
9382
9386
9390
9391
9392
9393
9396
9400
9401
9402
9403
9404
9405
9410
9418
9426
9429
9432
9434
9436
9438
9439
9443
9444
9445
9447
9448
9451
9452
9457
9458
9462
9464
9467
9468
9469
9474
9475
9483
9484
9485
9486
9487
9491
9494
9498
9499
9502
9504
9506
9508
9510
9511
9512
9513
9515
9516
9519
9520
9522
9525
9526
9527
9528
9529
9531
9533
9534
9535
9536
9537
9541
9544
9545
9546
9547
9549
9550
9553
9554
9556
9557
9560
9561
9562
9564
9566
9568
9571
9572
9577
9580
9583
9584
9585
9590
9592
9593
9594
9595
9596
9597
9598
9599
9600
9602
9603
9605
9606
9607
9608
9611
9612
9613
9614
9615
9617
9620
9621
9622
9624
9625
9626
9632
9637
9638
9641
9643
9644
9645
9646
9651
9653
9654
9655
9659
9660
9663
9664
9665
9667
9668
9670
9672
9673
9674
9675
9679
9680
9681
9690
9691
9693
9695
9697
9701
9702
9705
9707
9710
9713
9725
9728
9732
9734
9737
9738
9739
9743
9749
9760
9762
9763
9767
9771
9772
9773
9778
9781
9783
9787
9790
9793
9794
9795
9801
9804
9807
9812
9813
9814
9816
9817
9818
9819
9820
9821
9823
9824
9826
9827
9828
9829
9830
9831
9832
9833
9835
9837
9838
9841
9843
9844
9847
9850
9853
9856
9857
9858
9861
9862
9863
9864
9865
9867
9870
9872
9881
9882
9883
9887
9889
9890
9892
9894
9897
9898
9899
9901
9902
9903
9906
9909
9913
9914
9915
9916
9918
9919
9921
9923
9924
9926
9927
9930
9932
9933
9934
9935
9940
9942
9945
9946
9948
9950
9951
9952
9954
9956
9958
9960
9961
9963
9964
9967
9968
9973
9975
9976
9979
9980
9984
9985
9986
9987
9988
9992
9993
9995
9996
9997
10000
10004
10005
10006
10008
10009
10012
10015
10016
10017
10018
10019
10020
10022
10023
10026
10028
10030
10032
10035
10038
10039
10041
10045
10046
10049
10053
10054
10055
10056
10057
10059
10060
10061
10062
10064
10066
10068
10070
10071
10072
10074
10077
10078
10082
10085
10088
10089
10091
10094
10096
10099
10103
10104
10105
10108
10111
10114
10117
10119
10120
10123
10124
10128
10129
10131
10135
10138
10139
10143
10147
10150
10152
10161
10168
10171
10173
10174
10178
10180
10181
10185
10188
10192
10193
10195
10196
10197
10198
10205
10208
10209
10211
10213
10214
10216
10218
10223
10224
10225
10229
10231
10232
10237
10239
10242
10247
10248
10249
10252
10253
10256
10259
10264
10271
10272
10276
10278
10281
10283
10290
10295
10296
10298
10301
10305
10306
10309
10311
10313
10315
10317
10318
10323
10324
10325
10326
10329
10334
10339
10340
10343
10344
10345
10351
10354
10355
10356
10357
10359
10360
10363
10364
10365
10366
10368
10369
10372
10373
10375
10377
10379
10381
10382
10383
10394
10396
10398
10399
10401
10403
10406
10407
10413
10417
10419
10423
10429
10435
10437
10440
10441
10442
10444
10445
10448
10449
10450
10451
10453
10455
10456
10459
10461
10462
10463
10470
10473
10474
10481
10485
10489
10490
10491
10492
10496
10497
10499
10500
10501
10505
10507
10508
10509
10512
10514
10518
10520
10521
10522
10524
10525
10526
10527
10528
10529
10530
10532
10533
10534
10535
10536
10540
10542
10544
10550
10556
10557
10560
10563
10564
10565
10566
10567
10569
10573
10575
10577
10580
10581
10582
10584
10589
10594
10596
10597
10599
10601
10602
10603
10609
10612
10615
10616
10619
10622
10623
10625
10626
10627
10628
10629
10634
10635
10637
10638
10643
10644
10646
10647
10649
10657
10658
10660
10662
10664
10668
10675
10677
10678
10679
10680
10682
10683
10687
10688
10691
10698
10699
10700
10701
10703
10705
10706
10707
10711
10716
10717
10719
10720
10723
10724
10725
10728
10729
10734
10735
10740
10741
10742
10743
10746
10751
10753
10754
10758
10765
10767
10769
10770
10771
10772
10775
10776
10778
10779
10780
10782
10786
10787
10789
10791
10792
10795
10797
10798
10800
10801
10805
10810
10812
10814
10815
10816
10817
10821
10824
10826
10830
10835
10843
10849
10851
10854
10859
10865
10866
10867
10873
10876
10878
10882
10883
10885
10890
10893
10894
10896
10898
10902
10903
10904
10905
10909
10911
10912
10915
10916
10919
10921
10923
10926
10927
10929
10934
10935
10939
10943
10944
10947
10948
10949
10951
10954
10955
10958
10960
10962
10965
10966
10969
10972
10975
10976
10977
10979
10980
10981
10984
10987
10989
10990
10995
10996
10997
10999
11001
11003
11005
11007
11008
11010
11011
11014
11015
11021
11023
11024
11025
11026
11028
11030
11034
11035
11038
11039
11043
11045
11047
11048
11051
11052
11053
11054
11055
11056
11057
11058
11062
11064
11067
11070
11072
11073
11074
11075
11078
11079
11080
11084
11085
11086
11087
11088
11089
11090
11091
11093
11095
11101
11103
11104
11105
11107
11108
11111
11115
11116
11121
11122
11123
11124
11126
11128
11129
11134
11136
11137
11138
11140
11143
11146
11148
11150
11151
11155
11156
11157
11158
11160
11163
11165
11166
11171
11173
11176
11178
11179
11180
11182
11185
11188
11189
11192
11195
11198
11200
11205
11208
11210
11211
11213
11215
11217
11218
11219
11220
11226
11229
11232
11234
11235
11238
11240
11242
11247
11248
11249
11250
11251
11252
11255
11257
11258
11260
11264
11265
11269
11270
11271
11272
11274
11279
11280
11283
11284
11288
11290
11291
11292
11299
11302
11310
11311
11312
11315
11317
11318
11324
11326
11327
11333
11334
11344
11348
11352
11355
11357
11358
11359
11360
11363
11364
11367
11368
11370
11373
11374
11375
11376
11380
11385
11392
11393
11399
11401
11403
11404
11405
11410
11411
11413
11417
11419
11420
11422
11423
11426
11428
11429
11430
11431
11434
11435
11438
11441
11443
11445
11446
11447
11449
11451
11452
11453
11458
11459
11464
11465
11467
11468
11473
11474
11475
11477
11479
11480
11482
11483
11484
11489
11492
11506
11507
11510
11511
11514
11516
11522
11523
11528
11529
11531
11532
11536
11537
11539
11547
11548
11550
11551
11552
11553
11559
11560
11575
11576
11577
11579
11580
11581
11582
11583
11584
11585
11586
11587
11588
11589
11590
11592
11593
11594
11597
11606
11614
11619
11623
11626
11631
11638
11643
11647
11648
11649
11651
11655
11662
11663
11664
11666
11671
11672
11673
11677
11679
11682
11684
11686
11687
11688
11689
11690
11693
11694
11695
11698
11699
11703
11704
11705
11706
11707
11710
11711
11714
11715
11716
11719
11721
11726
11735
11737
11739
11740
11741
11745
11746
11749
11750
11752
11756
11757
11759
11763
11764
11765
11766
11769
11771
11772
11775
11776
11777
11779
11781
11784
11786
11789
11790
11793
11795
11797
11800
11801
11802
11803
11813
11816
11817
11820
11824
11830
11831
11832
11833
11835
11836
11837
11841
11842
11844
11847
11849
11851
11852
11854
11855
11857
11858
11860
11862
11863
11868
11874
11877
11880
11884
11890
11894
11895
11896
11898
11903
11904
11909
11910
11912
11913
11914
11918
11919
11920
11921
11923
11924
11927
11931
11933
11934
11935
11936
11937
11938
11941
11942
11943
11948
11953
11958
11961
11965
11966
11967
11971
11972
11974
11975
11976
11981
11983
11984
11985
11986
11987
11989
11990
11991
11993
11996
11998
12000
12004
12005
12006
12007
12008
12009
12014
12016
12018
12020
12021
12026
12031
12034
12039
12040
12041
12042
12043
12044
12047
12048
12049
12050
12051
12052
12053
12057
12059
12060
12061
12071
12072
12073
12074
12075
12076
12078
12081
12086
12087
12089
12099
12100
12101
12102
12104
12105
12106
12108
12109
12110
12112
12113
12116
12117
12119
12121
12124
12125
12127
12128
12130
12131
12132
12134
12138
12139
12143
12144
12145
12149
12150
12152
12153
12155
12156
12157
12160
12163
12165
12166
12169
12170
12171
12172
12175
12181
12183
12186
12187
12192
12193
12196
12197
12198
12200
12201
12204
12207
12210
12215
12216
12217
12219
12222
12224
12225
12228
12232
12236
12237
12238
12240
12242
12243
12244
12249
12252
12253
12255
12261
12263
12266
12272
12274
12276
12277
12282
12285
12288
12290
12293
12297
12299
12300
12306
12308
12309
12310
12311
12312
12313
12314
12319
12320
12321
12323
12324
12334
12335
12336
12337
12338
12339
12340
12344
12345
12349
12350
12353
12354
12355
12356
12357
12358
12360
12361
12363
12364
12365
12369
12371
12373
12374
12375
12379
12381
12382
12390
12392
12393
12394
12402
12403
12409
12413
12417
12418
12419
12420
12424
12425
12428
12429
12434
12435
12439
12440
12442
12444
12446
12449
12450
12451
12452
12454
12455
12456
12459
12465
12466
12468
12470
12472
12473
12475
12476
12477
12479
12481
12482
12483
12484
12485
12486
12488
12489
12492
12495
12497
12498
12501
12502
12504
12506
12507
12508
12509
12510
12511
12513
12514
12518
12519
12520
12521
12524
12531
12532
12533
12535
12536
12537
12539
12541
12542
12544
12546
12547
12548
12550
12551
12552
12554
12556
12559
12561
12565
12566
12569
12570
12571
12573
12575
12577
12579
12583
12584
12586
12587
12588
12589
12591
12592
12594
12595
12597
12598
12602
12607
12610
12613
12615
12616
12619
12620
12623
12625
12626
12628
12635
12638
12639
12642
12643
12644
12645
12647
12648
12649
12650
12651
12652
12653
12654
12655
12661
12662
12666
12668
12671
12672
12675
12677
12680
12681
12682
12684
12686
12687
12690
12695
12696
12700
12707
12710
12715
12720
12721
12723
12724
12725
12728
12731
12732
12733
12734
12735
12736
12737
12738
12743
12746
12747
12748
12750
12751
12753
12754
12759
12767
12768
12773
12774
12776
12778
12779
12782
12785
12789
12795
12796
12798
12799
12806
12808
12812
12813
12815
12816
12817
12818
12819
12820
12822
12823
12824
12830
12836
12837
12838
12839
12840
12842
12843
12846
12847
12849
12852
12856
12857
12859
12860
12861
12862
12863
12866
12869
12870
12872
12874
12877
12883
12884
12888
12890
12892
12893
12895
12898
12900
12904
12910
12913
12920
12922
12923
12924
12925
12926
12927
12928
12929
12930
12933
12934
12937
12940
12943
12945
12946
12947
12951
12962
12966
12967
12968
12972
12975
12976
12978
12980
12981
12982
12985
12986
12988
12990
12992
12996
12998
13000
13002
13005
13010
13011
13012
13013
13017
13021
13026
13033
13034
13035
13038
13040
13041
13045
13047
13048
13054
13065
13066
13068
13071
13072
13073
13074
13077
13078
13081
13086
13087
13088
13089
13090
13093
13095
13096
13097
13098
13100
13101
13102
13105
13106
13107
13110
13111
13112
13113
13114
13115
13118
13121
13123
13126
13127
13128
13134
13136
13137
13138
13140
13143
13144
13145
13146
13147
13148
13149
13155
13160
13162
13163
13164
13165
13169
13170
13171
13173
13174
13175
13183
13184
13189
13191
13192
13194
13195
13196
13198
13203
13205
13206
13209
13210
13214
13215
13225
13230
13231
13234
13235
13238
13239
13240
13242
13243
13244
13247
13251
13252
13253
13255
13256
13257
13261
13262
13263
13265
13267
13268
13269
13270
13272
13275
13278
13280
13281
13283
13285
13294
13296
13298
13299
13300
13303
13306
13310
13311
13313
13314
13316
13317
13319
13322
13324
13330
13331
13334
13338
13340
13349
13353
13354
13357
13358
13360
13361
13362
13366
13367
13369
13371
13372
13375
13379
13380
13383
13384
13385
13386
13387
13388
13389
13390
13392
13394
13395
13400
13403
13405
13406
13407
13408
13409
13412
13413
13416
13421
13422
13423
13424
13425
13427
13428
13432
13435
13437
13439
13440
13441
13442
13443
13447
13448
13451
13455
13456
13457
13460
13462
13464
13468
13469
13470
13472
13473
13474
13476
13479
13480
13481
13482
13483
13486
13488
13489
13491
13493
13495
13497
13498
13502
13505
13510
13511
13512
13513
13514
13517
13518
13520
13522
13523
13524
13525
13528
13529
13533
13543
13544
13545
13551
13552
13554
13555
13556
13557
13558
13559
13560
13561
13563
13566
13567
13570
13571
13573
13575
13576
13578
13580
13581
13586
13589
13592
13594
13595
13600
13602
13603
13607
13609
13611
13613
13614
13616
13617
13618
13622
13626
13627
13628
13634
13637
13639
13640
13643
13644
13646
13647
13649
13653
13654
13656
13658
13659
13660
13661
13662
13665
13667
13671
13672
13676
13678
13679
13682
13684
13685
13686
13687
13688
13689
13691
13692
13693
13696
13702
13703
13707
13708
13710
13716
13718
13722
13724
13727
13728
13734
13736
13739
13740
13742
13744
13749
13750
13752
13754
13755
13757
13758
13759
13760
13761
13762
13764
13769
13771
13773
13774
13775
13776
13778
13783
13784
13785
13789
13790
13791
13793
13794
13797
13799
13800
13803
13804
13807
13808
13811
13814
13821
13822
13825
13826
13827
13829
13831
13833
13837
13838
13840
13841
13844
13846
13847
13848
13849
13852
13855
13856
13857
13858
13862
13864
13867
13869
13872
13875
13878
13880
13881
13883
13885
13886
13887
13888
13892
13895
13897
13898
13900
13901
13903
13905
13911
13913
13914
13915
13916
13917
13920
13922
13923
13924
13925
13928
13929
13930
13933
13934
13938
13939
13941
13943
13944
13946
13947
13952
13953
13958
13959
13963
13964
13966
13968
13970
13976
13978
13980
13981
13982
13983
13984
13986
13988
13989
13992
13993
13995
13996
13997
13998
13999
14003
14007
14008
14009
14011
14013
14014
14019
14020
14021
14023
14026
14031
14032
14035
14038
14039
14041
14043
14050
14052
14053
14056
14057
14058
14062
14066
14075
14076
14077
14079
14080
14081
14083
14084
14086
14089
14090
14095
14096
14098
14100
14102
14104
14106
14107
14109
14110
14111
14112
14113
14114
14119
14120
14122
14124
14125
14128
14129
14132
14133
14134
14136
14138
14141
14145
14150
14152
14153
14154
14155
14156
14160
14162
14165
14166
14167
14168
14169
14171
14176
14177
14178
14179
14180
14181
14182
14184
14185
14189
14190
14191
14192
14193
14194
14195
14196
14202
14203
14204
14206
14208
14210
14211
14213
14214
14215
14218
14219
14221
14223
14225
14227
14229
14231
14235
14238
14239
14241
14243
14244
14245
14246
14248
14249
14252
14254
14255
14257
14259
14267
14268
14270
14271
14276
14279
14282
14283
14287
14288
14289
14292
14294
14295
14297
14299
14307
14308
14309
14310
14313
14314
14317
14319
14320
14321
14323
14324
14325
14327
14329
14330
14332
14336
14337
14339
14343
14348
14349
14350
14353
14355
14356
14361
14362
14363
14364
14367
14369
14370
14374
14375
14376
14378
14380
14381
14387
14388
14392
14395
14397
14399
14401
14402
14406
14410
14412
14414
14416
14417
14418
14419
14420
14423
14425
14427
14428
14429
14430
14431
14433
14434
14442
14446
14452
14454
14460
14462
14464
14465
14467
14468
14469
14470
14472
14474
14475
14476
14477
14479
14480
14481
14482
14483
14486
14489
14494
14495
14496
14498
14501
14502
14503
14505
14506
14510
14513
14517
14522
14523
14527
14530
14532
14535
14536
14545
14548
14550
14553
14556
14558
14563
14567
14568
14572
14573
14575
14582
14583
14585
14586
14587
14589
14592
14593
14594
14596
14598
14600
14601
14602
14605
14606
14607
14610
14615
14617
14618
14619
14620
14624
14625
14627
14628
14629
14632
14636
14638
14640
14641
14643
14649
14651
14653
14655
14656
14658
14659
14661
14663
14667
14668
14670
14671
14672
14676
14677
14682
14683
14687
14688
14689
14693
14696
14708
14709
14713
14716
14718
14721
14723
14724
14726
14727
14730
14732
14736
14738
14739
14744
14746
14751
14752
14753
14756
14758
14761
14763
14764
14765
14768
14769
14770
14771
14773
14776
14777
14778
14780
14783
14786
14788
14791
14793
14794
14798
14799
14801
14804
14807
14808
14811
14812
14814
14815
14817
14820
14821
14826
14827
14828
14829
14832
14834
14835
14838
14839
14843
14844
14849
14850
14853
14856
14859
14862
14863
14864
14865
14867
14870
14872
14877
14882
14886
14887
14888
14893
14894
14895
14898
14899
14902
14904
14905
14909
14910
14911
14913
14915
14917
14918
14919
14921
14925
14930
14936
14937
14938
14939
14943
14944
14945
14946
14947
14948
14949
14956
14957
14958
14960
14963
14964
14970
14971
14972
14973
14977
14979
14980
14982
14986
14987
14990
14991
14992
14995
14996
14998
14999
15000
15006
15008
15009
15011
15014
15015
15016
15019
15020
15021
15022
15025
15026
15029
15031
15038
15039
15041
15042
15045
15047
15049
15050
15052
15055
15056
15067
15068
15070
15071
15075
15076
15077
15079
15083
15084
15086
15087
15093
15095
15096
15101
15103
15104
15105
15108
15109
15110
15114
15115
15117
15118
15119
15120
15121
15122
15123
15125
15127
15129
15130
15132
15134
15136
15140
15141
15142
15149
15151
15152
15153
15154
15155
15156
15159
15160
15161
15163
15164
15166
15168
15170
15171
15174
15183
15185
15186
15187
15188
15190
15192
15196
15198
15202
15204
15206
15207
15210
15211
15214
15215
15216
15218
15219
15224
15225
15230
15231
15232
15234
15242
15245
15248
15249
15252
15255
15257
15260
15263
15264
15269
15270
15271
15273
15277
15280
15282
15289
15290
15291
15293
15294
15297
15300
15304
15308
15309
15310
15312
15313
15315
15317
15318
15320
15323
15325
15327
15329
15330
15331
15333
15338
15339
15340
15341
15343
15344
15350
15355
15364
15366
15367
15368
15369
15371
15373
15378
15379
15381
15384
15385
15387
15389
15390
15391
15392
15393
15394
15395
15397
15398
15399
15400
15402
15403
15407
15408
15409
15411
15412
15413
15416
15417
15418
15419
15420
15421
15424
15428
15430
15431
15434
15436
15438
15439
15441
15443
15444
15447
15449
15455
15457
15461
15463
15468
15469
15472
15474
15475
15478
15479
15485
15487
15490
15491
15492
15493
15494
15499
15501
15502
15507
15508
15514
15516
15519
15520
15521
15523
15525
15526
15529
15532
15535
15536
15540
15543
15546
15548
15549
15550
15558
15560
15561
15562
15563
15568
15569
15570
15573
15575
15577
15578
15580
15582
15585
15586
15587
15588
15589
15591
15592
15595
15596
15599
15600
15601
15602
15603
15605
15610
15611
15612
15613
15614
15616
15617
15619
15620
15622
15623
15625
15631
15632
15633
15634
15636
15637
15639
15644
15646
15647
15651
15652
15654
15655
15656
15657
15658
15663
15664
15665
15666
15669
15670
15671
15672
15674
15675
15676
15679
15681
15682
15684
15685
15689
15690
15691
15695
15697
15698
15699
15700
15701
15702
15704
15705
15708
15710
15712
15713
15716
15719
15720
15721
15722
15724
15725
15726
15728
15729
15733
15734
15735
15741
15743
15744
15745
15746
15750
15753
15754
15755
15758
15760
15761
15763
15766
15768
15772
15781
15785
15786
15787
15788
15789
15794
15795
15796
15800
15802
15803
15804
15808
15810
15813
15819
15821
15822
15826
15827
15830
15832
15833
15835
15836
15839
15842
15843
15844
15845
15846
15847
15848
15850
15851
15853
15858
15861
15864
15865
15866
15868
15869
15874
15876
15878
15879
15881
15882
15886
15887
15889
15893
15895
15898
15900
15901
15902
15904
15906
15908
15911
15912
15913
15915
15917
15919
15923
15924
15926
15927
15932
15933
15936
15938
15940
15943
15944
15945
15950
15951
15953
15956
15959
15960
15962
15963
15964
15965
15969
15970
15971
15972
15973
15974
15976
15980
15982
15984
15987
15989
15990
15991
15993
15995
15996
15998
15999
16000
16001
16003
16004
16005
16008
16009
16010
16012
16015
16017
16018
16021
16026
16027
16034
16035
16038
16040
16041
16049
16051
16055
16056
16059
16060
16064
16066
16070
16072
16074
16077
16078
16080
16082
16085
16087
16089
16091
16093
16094
16095
16097
16098
16099
16100
16104
16107
16111
16118
16120
16122
16124
16126
16129
16131
16132
16133
16135
16141
16142
16143
16144
16145
16148
16152
16156
16157
16159
16160
16164
16165
16168
16175
16176
16178
16179
16180
16181
16185
16188
16191
16195
16196
16198
16199
16200
16201
16205
16212
16213
16214
16215
16218
16219
16220
16221
16222
16223
16224
16225
16226
16227
16229
16230
16235
16236
16240
16241
16243
16244
16247
16248
16249
16250
16252
16255
16257
16258
16261
16262
16269
16270
16276
16279
16282
16287
16288
16289
16290
16291
16292
16294
16295
16296
16298
16305
16306
16307
16308
16309
16310
16312
16314
16316
16318
16321
16324
16327
16328
16332
16333
16335
16336
16337
16338
16339
16341
16343
16346
16347
16348
16349
16351
16356
16362
16366
16367
16368
16369
16371
16372
16375
16377
16380
16381
16382
16386
16387
16388
16389
16391
16392
16394
16396
16397
16398
16402
16405
16407
16412
16414
16417
16418
16424
16426
16428
16429
16432
16433
16443
16444
16446
16449
16450
16453
16454
16456
16458
16462
16466
16468
16473
16474
16477
16479
16482
16483
16487
16491
16493
16494
16495
16496
16498
16500
16501
16502
16503
16504
16506
16510
16512
16513
16514
16515
16516
16517
16521
16528
16529
16530
16531
16532
16538
16539
16540
16541
16542
16544
16548
16550
16554
16555
16556
16558
16561
16562
16565
16567
16571
16572
16573
16574
16576
16578
16580
16582
16585
16586
16587
16588
16589
16592
16594
16595
16606
16609
16610
16614
16618
16620
16621
16625
16627
16630
16633
16635
16637
16641
16645
16649
16658
16661
16664
16665
16669
16673
16676
16678
16681
16683
16684
16686
16697
16700
16701
16702
16705
16712
16714
16720
16722
16724
16726
16729
16731
16734
16738
16739
16741
16743
16745
16746
16748
16751
16754
16755
16757
16759
16760
16770
16777
16780
16784
16785
16786
16788
16789
16790
16792
16793
16799
16801
16802
16803
16804
16806
16807
16808
16812
16814
16815
16817
16819
16820
16821
16823
16825
16826
16830
16832
16834
16836
16839
16842
16844
16846
16848
16850
16852
16853
16858
16860
16863
16864
16867
16870
16871
16872
16874
16875
16876
16877
16878
16879
16881
16882
16883
16886
16887
16888
16890
16891
16893
16894
16896
16898
16899
16900
16901
16902
16903
16907
16910
16911
16915
16917
16928
16929
16931
16932
16933
16934
16936
16943
16944
16945
16948
16949
16956
16957
16959
16963
16964
16965
16966
16969
16970
16971
16978
16979
16982
16984
16986
16987
16988
16991
16992
16994
16997
16998
17002
17005
17006
17007
17008
17009
17010
17011
17012
17015
17017
17018
17019
17021
17022
17026
17027
17032
17034
17036
17037
17039
17042
17043
17046
17047
17048
17049
17051
17055
17058
17060
17061
17064
17066
17068
17069
17072
17077
17079
17080
17084
17086
17088
17095
17096
17098
17099
17101
17102
17103
17108
17109
17112
17113
17116
17117
17119
17120
17122
17124
17128
17130
17131
17140
17141
17143
17144
17147
17149
17150
17153
17157
17158
17160
17162
17166
17168
17171
17172
17180
17182
17186
17193
17195
17197
17198
17200
17202
17204
17210
17211
17213
17214
17219
17227
17228
17231
17232
17233
17235
17236
17237
17248
17249
17250
17254
17257
17258
17260
17261
17262
17263
17266
17267
17274
17276
17279
17280
17286
17287
17289
17290
17291
17292
17294
17295
17296
17298
17299
17301
17309
17311
17312
17313
17316
17319
17322
17324
17325
17328
17330
17331
17332
17334
17336
17342
17344
17346
17347
17352
17353
17354
17355
17356
17357
17358
17359
17360
17362
17363
17364
17366
17368
17372
17373
17374
17375
17376
17378
17381
17382
17383
17384
17385
17386
17388
17393
17394
17395
17397
17398
17402
17403
17404
17405
17406
17407
17408
17411
17413
17417
17418
17419
17420
17425
17426
17427
17429
17430
17431
17432
17433
17434
17436
17438
17439
17440
17452
17454
17455
17461
17463
17465
17467
17468
17469
17472
17473
17474
17476
17477
17479
17480
17481
17482
17486
17488
17492
17493
17497
17499
17503
17504
17505
17508
17514
17515
17518
17522
17529
17531
17532
17534
17535
17537
17540
17542
17543
17544
17546
17547
17550
17551
17552
17557
17559
17564
17565
17567
17568
17570
17573
17578
17580
17581
17585
17589
17591
17592
17594
17595
17599
17600
17602
17603
17604
17605
17607
17609
17616
17617
17618
17619
17620
17623
17627
17633
17636
17638
17640
17641
17644
17648
17651
17656
17658
17661
17662
17663
17667
17668
17670
17671
17673
17675
17678
17680
17684
17691
17695
17697
17701
17706
17707
17709
17710
17712
17714
17716
17718
17719
17722
17723
17726
17729
17731
17736
17737
17738
17740
17742
17749
17753
17755
17756
17757
17761
17766
17770
17772
17773
17774
17775
17776
17779
17780
17782
17785
17786
17787
17789
17790
17793
17795
17797
17801
17803
17804
17805
17809
17810
17812
17813
17814
17815
17816
17819
17820
17822
17824
17825
17826
17828
17829
17831
17832
17835
17836
17839
17841
17842
17843
17848
17849
17850
17852
17858
17861
17863
17864
17866
17868
17869
17870
17871
17872
17873
17880
17887
17888
17890
17891
17897
17900
17903
17906
17907
17908
17910
17911
17912
17915
17919
17920
17922
17925
17927
17929
17930
17933
17935
17938
17939
17940
17941
17942
17945
17949
17951
17952
17953
17954
17955
17956
17957
17959
17960
17964
17965
17969
17970
17971
17973
17974
17976
17978
17985
17989
17990
17991
17993
17995
17996
18000
18002
18003
18005
18006
18009
18010
18014
18017
18019
18020
18021
18022
18023
18024
18026
18029
18030
18033
18034
18040
18041
18043
18044
18046
18051
18052
18053
18054
18056
18057
18058
18061
18062
18066
18069
18070
18071
18074
18075
18077
18080
18084
18088
18089
18092
18093
18095
18096
18097
18098
18101
18105
18107
18111
18112
18114
18116
18118
18121
18125
18126
18127
18129
18131
18132
18133
18136
18137
18138
18140
18141
18143
18145
18146
18148
18149
18150
18151
18154
18156
18157
18163
18168
18169
18174
18175
18176
18177
18178
18180
18182
18184
18186
18187
18188
18190
18193
18195
18197
18202
18204
18207
18208
18210
18213
18215
18217
18218
18232
18233
18234
18236
18240
18241
18242
18243
18244
18246
18250
18252
18254
18255
18256
18257
18258
18263
18265
18269
18271
18272
18273
18278
18279
18281
18282
18283
18286
18288
18289
18293
18295
18296
18300
18304
18308
18309
18311
18315
18318
18320
18322
18327
18338
18339
18341
18342
18343
18344
18347
18351
18352
18354
18358
18364
18370
18371
18372
18373
18375
18378
18379
18385
18389
18391
18394
18396
18397
18401
18402
18405
18407
18410
18411
18414
18417
18418
18420
18421
18422
18423
18424
18425
18426
18430
18431
18432
18434
18435
18440
18442
18447
18448
18449
18451
18456
18460
18465
18467
18468
18469
18471
18475
18477
18481
18482
18485
18487
18489
18490
18491
18494
18498
18500
18501
18502
18505
18507
18508
18510
18515
18516
18518
18521
18522
18523
18525
18526
18527
18531
18532
18533
18541
18542
18544
18550
18552
18554
18559
18562
18565
18573
18577
18578
18583
18585
18592
18594
18595
18597
18600
18601
18607
18609
18614
18615
18618
18619
18624
18625
18626
18627
18635
18636
18637
18639
18640
18641
18642
18644
18648
18649
18651
18652
18654
18655
18656
18658
18661
18662
18663
18664
18665
18667
18669
18676
18677
18678
18681
18683
18684
18686
18687
18689
18691
18693
18696
18698
18699
18708
18710
18711
18712
18713
18719
18721
18725
18728
18736
18738
18740
18741
18744
18745
18746
18751
18759
18761
18764
18767
18771
18774
18780
18786
18787
18788
18789
18791
18792
18796
18799
18803
18809
18810
18812
18813
18816
18817
18825
18827
18832
18833
18838
18839
18840
18842
18844
18845
18848
18849
18851
18853
18863
18865
18869
18873
18875
18878
18888
18889
18890
18891
18892
18895
18896
18897
18898
18899
18901
18902
18904
18907
18910
18913
18916
18918
18920
18925
18928
18929
18933
18934
18935
18936
18938
18940
18941
18943
18947
18948
18951
18957
18961
18966
18969
18970
18971
18974
18978
18981
18988
18989
18990
18993
18994
18998
18999
19000
19001
19006
19007
19008
19009
19015
19016
19018
19019
19020
19023
19024
19025
19027
19028
19029
19031
19034
19040
19042
19044
19045
19049
19050
19051
19052
19056
19058
19064
19066
19073
19074
19082
19083
19084
19086
19087
19088
19089
19091
19092
19093
19094
19101
19102
19103
19105
19108
19111
19113
19115
19118
19119
19121
19129
19130
19132
19134
19135
19138
19139
19141
19142
19145
19148
19149
19151
19152
19156
19159
19160
19161
19164
19167
19169
19171
19172
19174
19176
19177
19178
19187
19188
19189
19190
19191
19195
19196
19198
19200
19201
19202
19203
19205
19206
19208
19209
19210
19213
19215
19218
19220
19222
19226
19227
19232
19233
19237
19240
19241
19242
19244
19245
19246
19249
19253
19256
19257
19261
19263
19264
19265
19266
19267
19268
19269
19271
19272
19275
19280
19281
19283
19284
19287
19289
19290
19291
19292
19293
19299
19300
19301
19302
19311
19312
19313
19315
19317
19318
19321
19323
19325
19327
19329
19332
19335
19337
19339
19341
19342
19343
19346
19349
19351
19352
19353
19355
19356
19357
19358
19359
19366
19367
19368
19369
19371
19372
19373
19377
19378
19379
19380
19384
19385
19386
19388
19395
19398
19399
19401
19404
19405
19406
19410
19411
19413
19416
19420
19421
19424
19426
19428
19431
19432
19433
19434
19437
19442
19453
19455
19456
19457
19458
19460
19461
19462
19463
19464
19466
19468
19471
19476
19479
19482
19483
19486
19488
19492
19494
19495
19500
19506
19507
19508
19509
19510
19511
19514
19517
19521
19525
19529
19530
19533
19536
19537
19538
19539
19542
19543
19551
19552
19553
19556
19570
19572
19574
19578
19580
19582
19583
19585
19587
19588
19591
19592
19595
19600
19603
19604
19607
19609
19612
19614
19617
19619
19623
19624
19626
19627
19629
19630
19633
19635
19636
19645
19647
19650
19651
19652
19653
19654
19656
19657
19660
19662
19666
19668
19670
19671
19673
19675
19676
19677
19679
19688
19692
19694
19696
19698
19699
19702
19703
19706
19707
19708
19711
19713
19720
19724
19727
19729
19732
19735
19740
19742
19745
19746
19747
19749
19752
19753
19755
19756
19757
19759
19760
19761
19762
19765
19766
19769
19774
19776
19779
19783
19786
19787
19788
19793
19795
19797
19798
19800
19802
19804
19808
19818
19819
19820
19822
19823
19825
19826
19829
19831
19835
19837
19838
19843
19844
19845
19849
19850
19851
19854
19855
19857
19859
19860
19864
19866
19867
19872
19873
19877
19878
19879
19880
19882
19883
19888
19889
19890
19895
19897
19899
19900
19901
19903
19904
19906
19911
19912
19913
19914
19917
19920
19921
19922
19924
19931
19932
19933
19935
19936
19938
19939
19940
19941
19942
19944
19945
19951
19952
19953
19960
19961
19965
19966
19968
19969
19971
19973
19976
19978
19979
19980
19983
19984
19985
19990
19994
19996
20004
20008
20009
20010
20013
20016
20017
20018
20019
20021
20022
20023
20030
20031
20032
20033
20035
20036
20037
20039
20041
20043
20044
20045
20046
20047
20048
20049
20052
20053
20058
20059
20062
20067
20071
20076
20077
20083
20084
20085
20086
20091
20092
20093
20094
20095
20098
20102
20103
20105
20107
20108
20109
20111
20114
20115
20116
20120
20121
20122
20123
20125
20126
20128
20129
20138
20139
20141
20148
20151
20154
20156
20157
20158
20159
20160
20162
20164
20166
20170
20172
20173
20174
20177
20180
20181
20182
20184
20186
20187
20188
20191
20192
20194
20198
20199
20200
20201
20202
20203
20204
20205
20206
20209
20213
20215
20218
20224
20232
20235
20236
20238
20239
20240
20241
20244
20245
20251
20252
20253
20254
20260
20263
20264
20266
20267
20268
20269
20271
20272
20273
20276
20277
20280
20281
20282
20288
20289
20292
20293
20296
20298
20300
20301
20302
20304
20306
20308
20310
20311
20313
20317
20320
20328
20329
20330
20334
20340
20341
20342
20343
20349
20351
20352
20353
20354
20359
20360
20361
20364
20366
20367
20368
20369
20370
20371
20372
20374
20375
20378
20380
20381
20383
20385
20388
20391
20392
20394
20401
20402
20403
20404
20406
20408
20411
20413
20414
20415
20416
20418
20424
20425
20426
20429
20430
20432
20433
20436
20442
20444
20447
20449
20452
20457
20458
20459
20460
20462
20464
20468
20469
20470
20475
20477
20481
20482
20484
20486
20487
20489
20490
20491
20492
20494
20495
20498
20499
20506
20514
20516
20517
20521
20522
20523
20526
20529
20535
20543
20545
20546
20548
20549
20554
20556
20558
20563
20565
20566
20569
20573
20574
20576
20577
20579
20582
20585
20586
20589
20590
20592
20593
20594
20595
20600
20601
20602
20603
20604
20608
20611
20612
20614
20615
20616
20617
20626
20628
20634
20636
20637
20640
20641
20642
20643
20645
20646
20647
20648
20650
20651
20652
20653
20654
20655
20657
20658
20661
20662
20663
20665
20666
20669
20670
20671
20672
20673
20679
20681
20682
20683
20686
20689
20690
20692
20696
20699
20700
20701
20702
20706
20707
20709
20714
20715
20717
20719
20720
20721
20723
20724
20726
20728
20729
20730
20735
20736
20744
20745
20751
20752
20753
20754
20755
20758
20759
20760
20761
20762
20763
20765
20766
20768
20770
20774
20775
20779
20785
20788
20789
20790
20792
20793
20794
20796
20797
20799
20802
20803
20807
20808
20811
20812
20813
20814
20816
20817
20820
20824
20826
20831
20832
20833
20835
20837
20842
20843
20846
20847
20849
20850
20852
20853
20859
20860
20865
20866
20868
20871
20872
20874
20875
20876
20879
20881
20884
20889
20891
20892
20893
20895
20899
20900
20901
20902
20903
20904
20906
20907
20908
20910
20911
20912
20914
20918
20919
20920
20921
20923
20925
20927
20933
20934
20937
20938
20939
20940
20941
20942
20943
20950
20951
20956
20958
20959
20961
20962
20963
20964
20969
20971
20972
20975
20979
20983
20984
20985
20992
20994
20996
20997
20998
20999
21001
21004
21005
21007
21008
21009
21010
21012
21014
21015
21016
21017
21018
21020
21022
21024
21025
21026
21027
21030
21034
21036
21039
21040
21041
21048
21049
21050
21052
21053
21054
21055
21056
21060
21061
21062
21065
21067
21074
21075
21076
21078
21081
21082
21084
21085
21089
21092
21095
21096
21097
21098
21102
21104
21105
21107
21108
21112
21117
21121
21123
21126
21127
21133
21135
21141
21144
21145
21146
21148
21149
21150
21152
21153
21154
21156
21158
21161
21167
21168
21171
21174
21175
21177
21181
21182
21184
21185
21186
21191
21192
21193
21195
21197
21200
21208
21212
21214
21215
21216
21217
21220
21222
21224
21226
21229
21230
21235
21236
21240
21242
21243
21247
21248
21250
21252
21254
21256
21257
21258
21261
21262
21265
21267
21269
21272
21274
21275
21276
21278
21281
21283
21287
21291
21294
21299
21300
21301
21304
21306
21307
21312
21315
21319
21320
21321
21327
21328
21329
21330
21336
21337
21338
21340
21346
21351
21352
21354
21360
21361
21362
21364
21366
21367
21368
21370
21371
21372
21373
21376
21379
21380
21381
21382
21383
21385
21390
21391
21392
21393
21395
21401
21404
21406
21407
21408
21409
21410
21414
21415
21416
21417
21418
21419
21422
21424
21426
21428
21429
21430
21435
21436
21438
21442
21443
21445
21447
21449
21452
21454
21455
21456
21459
21460
21461
21463
21464
21465
21466
21468
21470
21472
21474
21476
21478
21479
21480
21481
21482
21483
21487
21488
21491
21493
21497
21502
21503
21505
21506
21508
21510
21512
21513
21515
21521
21523
21524
21526
21527
21529
21532
21537
21542
21543
21546
21548
21550
21556
21558
21563
21564
21567
21568
21572
21576
21580
21585
21588
21591
21592
21594
21599
21603
21604
21605
21606
21609
21614
21615
21616
21618
21621
21622
21623
21625
21626
21628
21631
21632
21634
21636
21637
21638
21639
21641
21642
21645
21648
21650
21651
21652
21653
21655
21656
21660
21661
21662
21663
21664
21665
21666
21672
21673
21677
21680
21687
21688
21690
21691
21695
21701
21703
21705
21706
21710
21711
21713
21715
21722
21724
21726
21729
21730
21732
21740
21741
21742
21745
21746
21747
21750
21753
21754
21757
21758
21759
21760
21763
21765
21770
21771
21772
21774
21776
21777
21778
21780
21783
21784
21787
21791
21794
21798
21802
21803
21808
21809
21810
21814
21818
21819
21820
21821
21822
21825
21828
21829
21830
21837
21838
21841
21842
21843
21844
21846
21847
21848
21850
21851
21854
21857
21858
21863
21864
21866
21867
21868
21874
21877
21880
21881
21885
21886
21887
21888
21891
21892
21893
21896
21897
21898
21900
21902
21905
21906
21907
21909
21910
21912
21913
21915
21922
21923
21925
21926
21929
21930
21931
21933
21937
21941
21942
21944
21945
21948
21949
21951
21953
21955
21956
21957
21959
21962
21963
21965
21972
21973
21974
21979
21981
21983
21984
21985
21986
21987
21991
21993
21995
21999
22000
22001
22002
22013
22015
22017
22019
22021
22022
22024
22025
22028
22032
22033
22034
22035
22036
22038
22040
22041
22044
22046
22047
22048
22049
22050
22051
22052
22054
22058
22059
22061
22065
22066
22067
22069
22071
22072
22073
22074
22075
22077
22079
22081
22082
22084
22085
22086
22087
22089
22090
22091
22095
22096
22098
22099
22103
22104
22105
22106
22107
22108
22109
22115
22120
22124
22127
22130
22134
22135
22138
22139
22140
22141
22143
22145
22150
22154
22157
22158
22160
22163
22165
22166
22170
22172
22173
22175
22176
22181
22185
22186
22187
22190
22191
22196
22201
22202
22204
22205
22206
22209
22210
22211
22212
22216
22217
22221
22223
22226
22232
22234
22235
22236
22241
22242
22247
22249
22251
22252
22253
22257
22258
22260
22261
22264
22265
22268
22270
22275
22277
22282
22285
22288
22291
22292
22295
22296
22297
22299