10286
0
1
2
3
17
18
19
20
42
48
49
50
55
56
57
58
59
60
61
62
63
64
65
66
67
83
84
85
86
87
88
89
90
98
99
100
101
102
103
105
106
107
124
125
126
127
129
148
149
150
151
156
157
158
159
160
165
166
180
181
209
210
211
212
213
214
215
219
220
221
222
223
224
254
255
256
287
288
289
290
294
295
298
299
300
301
302
303
304
305
310
311
312
313
314
315
316
317
318
319
320
321
322
328
329
330
331
339
340
341
366
367
368
399
400
401
402
405
406
410
411
412
425
426
431
433
434
435
436
459
460
461
462
463
464
465
472
473
474
478
493
494
495
496
501
502
503
505
506
507
508
509
510
511
512
525
526
527
528
529
536
537
538
539
560
561
562
568
569
570
577
578
579
580
599
600
601
602
605
606
607
608
609
633
634
635
636
651
652
653
660
661
674
675
676
709
710
722
723
724
726
727
728
732
733
734
735
736
737
738
740
741
742
743
751
752
753
754
755
778
779
780
781
786
787
788
789
791
792
793
794
799
809
814
815
816
827
847
852
853
854
865
896
897
900
901
902
903
925
926
927
928
929
930
931
932
933
934
950
951
952
953
954
955
956
957
965
966
983
984
1000
1001
1002
1003
1011
1012
1013
1014
1024
1025
1026
1027
1037
1038
1039
1048
1049
1050
1051
1052
1053
1054
1055
1059
1060
1061
1062
1063
1064
1070
1071
1072
1073
1090
1091
1098
1099
1100
1101
1108
1109
1138
1139
1140
1141
1142
1143
1144
1145
1146
1147
1148
1152
1153
1154
1155
1156
1157
1161
1162
1174
1175
1176
1177
1178
1179
1180
1181
1182
1183
1184
1185
1186
1187
1188
1192
1193
1194
1195
1196
1197
1220
1221
1222
1223
1232
1233
1234
1243
1244
1245
1262
1263
1264
1275
1276
1277
1278
1283
1284
1285
1286
1300
1301
1302
1303
1307
1308
1322
1323
1328
1329
1330
1331
1340
1341
1342
1343
1344
1345
1346
1361
1362
1363
1364
1371
1372
1373
1385
1386
1387
1388
1389
1390
1410
1418
1419
1420
1425
1426
1427
1428
1429
1434
1435
1436
1437
1438
1439
1440
1441
1445
1446
1447
1455
1456
1457
1458
1459
1460
1461
1462
1463
1468
1469
1470
1471
1481
1482
1483
1484
1490
1495
1496
1498
1499
1500
1501
1502
1503
1504
1507
1508
1509
1514
1515
1516
1517
1518
1519
1520
1525
1526
1527
1528
1562
1563
1572
1573
1574
1575
1577
1578
1579
1580
1581
1587
1588
1589
1590
1602
1608
1609
1611
1616
1617
1618
1623
1624
1625
1626
1627
1634
1648
1653
1654
1658
1659
1660
1661
1662
1663
1664
1665
1681
1682
1691
1692
1693
1694
1695
1696
1697
1698
1701
1702
1703
1704
1705
1706
1707
1708
1709
1710
1711
1714
1715
1716
1717
1718
1719
1732
1733
1734
1773
1774
1775
1776
1777
1778
1779
1780
1781
1782
1783
1784
1785
1795
1796
1797
1798
1820
1821
1822
1823
1837
1838
1839
1840
1855
1856
1857
1859
1860
1861
1869
1870
1871
1875
1876
1877
1878
1879
1890
1891
1892
1902
1903
1904
1929
1932
1933
1934
1935
1936
1941
1942
1943
1950
1951
1952
1953
1954
1955
1956
1957
1976
1977
1978
2002
2003
2004
2005
2016
2017
2018
2026
2027
2028
2029
2030
2031
2032
2033
2034
2035
2036
2037
2038
2039
2051
2052
2053
2054
2055
2056
2057
2058
2065
2066
2067
2068
2069
2070
2071
2075
2076
2077
2078
2079
2080
2081
2082
2083
2095
2096
2108
2109
2110
2130
2131
2132
2133
2134
2140
2141
2142
2147
2148
2149
2161
2162
2163
2164
2169
2170
2171
2172
2184
2185
2186
2191
2192
2193
2203
2204
2205
2206
2207
2208
2209
2210
2216
2217
2218
2246
2247
2248
2249
2250
2251
2268
2269
2270
2271
2272
2273
2274
2278
2279
2280
2283
2284
2285
2289
2290
2291
2296
2297
2304
2305
2306
2317
2318
2319
2320
2328
2329
2330
2331
2332
2333
2337
2338
2339
2365
2366
2400
2401
2402
2403
2404
2405
2406
2407
2408
2412
2413
2414
2415
2416
2417
2428
2429
2430
2431
2432
2433
2435
2436
2437
2440
2441
2444
2445
2446
2457
2458
2459
2460
2461
2462
2463
2464
2465
2466
2467
2468
2469
2475
2476
2477
2478
2479
2480
2493
2494
2495
2496
2497
2499
2500
2501
2530
2531
2532
2533
2534
2535
2536
2537
2550
2551
2552
2553
2554
2557
2558
2559
2564
2565
2566
2570
2571
2572
2573
2589
2590
2607
2608
2609
2610
2611
2612
2613
2625
2626
2627
2669
2670
2671
2672
2688
2689
2690
2712
2713
2714
2715
2719
2720
2721
2722
2723
2739
2740
2741
2742
2760
2761
2762
2763
2767
2768
2769
2770
2771
2783
2784
2785
2786
2787
2788
2789
2801
2802
2803
2809
2810
2811
2820
2821
2822
2823
2824
2825
2838
2839
2840
2841
2842
2843
2844
2845
2851
2852
2853
2854
2859
2860
2861
2862
2869
2870
2874
2875
2876
2880
2881
2882
2883
2894
2895
2896
2897
2902
2903
2904
2908
2909
2910
2911
2912
2916
2917
2918
2919
2934
2935
2936
2937
2938
2949
2950
2956
2957
2958
2959
2969
2970
2974
2975
2994
2995
2996
2997
2998
3003
3004
3005
3022
3023
3024
3025
3029
3030
3031
3032
3036
3037
3038
3043
3044
3045
3046
3051
3052
3053
3067
3068
3069
3077
3078
3079
3080
3085
3086
3133
3159
3160
3161
3162
3163
3166
3167
3168
3172
3173
3174
3175
3176
3177
3178
3179
3180
3181
3182
3185
3186
3187
3188
3191
3192
3193
3194
3197
3198
3199
3200
3207
3208
3209
3210
3211
3215
3216
3217
3218
3231
3232
3233
3234
3235
3236
3237
3238
3239
3240
3241
3242
3243
3244
3245
3253
3254
3255
3259
3260
3261
3265
3266
3267
3289
3290
3291
3292
3304
3305
3306
3327
3339
3343
3344
3347
3348
3349
3350
3351
3352
3357
3358
3361
3362
3363
3364
3373
3374
3375
3376
3394
3403
3404
3405
3406
3407
3408
3409
3410
3411
3416
3417
3429
3430
3431
3432
3433
3434
3438
3439
3444
3445
3446
3447
3448
3449
3450
3451
3452
3453
3462
3463
3464
3465
3466
3467
3483
3484
3485
3486
3490
3491
3492
3506
3507
3508
3513
3514
3515
3516
3517
3518
3519
3520
3521
3522
3523
3526
3527
3528
3542
3543
3544
3548
3549
3550
3551
3552
3553
3554
3577
3578
3579
3580
3581
3582
3583
3589
3590
3591
3593
3594
3595
3616
3617
3621
3622
3623
3624
3625
3626
3627
3638
3654
3655
3656
3664
3665
3666
3667
3668
3669
3670
3671
3673
3674
3675
3676
3680
3681
3684
3685
3686
3700
3705
3706
3707
3708
3722
3723
3724
3732
3733
3734
3735
3763
3764
3765
3766
3770
3775
3776
3777
3778
3779
3780
3781
3782
3799
3800
3801
3802
3803
3804
3805
3806
3817
3820
3821
3822
3826
3827
3828
3829
3844
3862
3863
3864
3865
3866
3867
3868
3869
3870
3881
3882
3883
3884
3885
3886
3887
3888
3909
3910
3911
3912
3931
3932
3933
3934
3935
3936
3945
3946
3947
3948
3949
3950
3951
3952
3954
3955
3956
3971
3972
3973
3974
3982
3987
3988
3989
3990
3991
3992
3997
3998
3999
4000
4001
4002
4003
4004
4005
4006
4007
4011
4012
4013
4014
4031
4032
4033
4034
4048
4049
4050
4051
4052
4053
4054
4055
4076
4077
4088
4089
4096
4097
4098
4109
4110
4111
4129
4130
4131
4150
4151
4152
4153
4158
4159
4160
4161
4180
4181
4187
4188
4189
4190
4191
4201
4202
4203
4204
4231
4232
4233
4234
4235
4236
4237
4248
4249
4254
4255
4256
4257
4258
4259
4260
4261
4262
4280
4281
4282
4293
4294
4295
4296
4297
4298
4320
4321
4322
4327
4328
4329
4342
4343
4344
4357
4358
4359
4360
4361
4362
4363
4389
4390
4391
4392
4393
4401
4402
4403
4407
4408
4417
4418
4419
4420
4421
4422
4434
4435
4436
4441
4445
4446
4447
4448
4455
4456
4457
4458
4459
4460
4469
4470
4471
4472
4482
4501
4502
4503
4504
4511
4512
4513
4514
4517
4518
4519
4520
4521
4522
4523
4529
4530
4531
4532
4533
4534
4535
4536
4537
4538
4539
4571
4572
4573
4574
4575
4576
4590
4591
4592
4593
4616
4617
4630
4631
4632
4633
4634
4635
4636
4637
4638
4639
4661
4662
4663
4664
4668
4669
4670
4671
4672
4673
4674
4675
4676
4677
4678
4679
4684
4685
4686
4696
4697
4698
4699
4700
4701
4702
4705
4706
4723
4724
4725
4726
4727
4728
4729
4748
4749
4750
4751
4762
4763
4764
4771
4776
4777
4778
4779
4780
4786
4787
4788
4789
4790
4791
4798
4799
4800
4805
4806
4807
4827
4828
4829
4831
4832
4833
4834
4838
4839
4854
4855
4856
4857
4858
4859
4860
4861
4878
4879
4880
4881
4884
4888
4889
4890
4891
4892
4902
4903
4904
4905
4911
4912
4913
4928
4929
4930
4931
4932
4933
4934
4938
4939
4940
4966
4967
4971
4972
4973
4990
4991
4992
4993
5012
5013
5014
5044
5045
5046
5047
5048
5049
5050
5051
5052
5053
5054
5059
5060
5061
5083
5084
5085
5086
5109
5110
5111
5112
5113
5114
5127
5128
5132
5133
5134
5139
5140
5151
5152
5153
5167
5168
5169
5170
5171
5172
5173
5174
5175
5176
5177
5178
5179
5188
5189
5190
5191
5203
5204
5205
5206
5207
5210
5211
5212
5213
5220
5221
5222
5223
5224
5225
5226
5227
5228
5229
5230
5238
5239
5240
5241
5242
5243
5244
5255
5256
5257
5258
5264
5265
5266
5267
5287
5288
5289
5290
5296
5297
5298
5299
5313
5314
5315
5318
5319
5320
5321
5327
5328
5329
5362
5363
5364
5373
5374
5378
5379
5380
5381
5382
5383
5384
5385
5386
5390
5391
5392
5396
5397
5398
5399
5400
5416
5417
5418
5419
5426
5427
5428
5429
5430
5431
5452
5453
5476
5477
5478
5479
5502
5503
5514
5515
5516
5517
5532
5533
5534
5535
5538
5539
5540
5541
5542
5543
5571
5572
5573
5574
5589
5590
5591
5599
5600
5601
5602
5603
5607
5608
5609
5610
5615
5616
5624
5625
5626
5627
5628
5629
5637
5638
5642
5643
5644
5676
5677
5678
5694
5695
5696
5697
5699
5700
5701
5702
5703
5704
5709
5710
5711
5717
5718
5719
5720
5725
5726
5740
5741
5742
5743
5752
5753
5754
5772
5783
5784
5785
5786
5787
5788
5789
5790
5830
5831
5832
5833
5852
5853
5854
5874
5875
5876
5877
5878
5879
5880
5881
5911
5912
5913
5916
5924
5925
5933
5934
5935
5936
5937
5938
5939
5951
5952
5953
5958
5962
5963
5964
5968
5969
5989
5990
5991
5994
5995
5996
6000
6001
6002
6003
6004
6005
6006
6026
6027
6028
6029
6030
6031
6069
6074
6075
6076
6077
6078
6079
6080
6104
6105
6106
6107
6108
6109
6110
6123
6124
6125
6126
6127
6128
6129
6133
6134
6135
6142
6143
6144
6145
6146
6147
6148
6162
6163
6164
6165
6169
6173
6174
6175
6176
6177
6178
6179
6186
6187
6191
6192
6193
6194
6210
6211
6212
6218
6219
6220
6222
6223
6224
6229
6230
6231
6232
6233
6234
6235
6243
6244
6245
6254
6255
6260
6261
6262
6263
6269
6270
6271
6279
6280
6281
6282
6283
6284
6285
6286
6305
6306
6307
6308
6321
6322
6323
6324
6325
6326
6327
6328
6331
6332
6337
6338
6339
6340
6341
6342
6343
6344
6345
6351
6352
6353
6354
6355
6359
6378
6379
6380
6381
6382
6383
6384
6389
6390
6391
6392
6393
6394
6402
6403
6404
6413
6414
6415
6419
6420
6421
6422
6423
6430
6431
6445
6446
6447
6448
6449
6472
6473
6474
6484
6485
6486
6493
6494
6495
6496
6501
6502
6503
6504
6507
6508
6512
6513
6514
6515
6539
6540
6585
6586
6587
6588
6589
6591
6592
6600
6611
6612
6613
6614
6615
6616
6617
6618
6619
6620
6621
6629
6630
6631
6632
6645
6646
6647
6648
6653
6675
6676
6677
6688
6689
6690
6715
6716
6717
6718
6781
6782
6783
6799
6800
6801
6806
6807
6809
6810
6811
6812
6815
6816
6817
6818
6819
6820
6834
6847
6848
6849
6850
6862
6863
6864
6868
6869
6870
6881
6882
6886
6887
6888
6889
6890
6891
6892
6893
6895
6896
6897
6898
6899
6900
6921
6922
6929
6930
6931
6932
6933
6934
6935
6936
6946
6947
6948
6967
6968
6977
6978
6979
6988
6989
6990
6991
6992
6996
6997
6998
7033
7034
7035
7036
7042
7043
7044
7045
7046
7048
7049
7050
7051
7052
7110
7111
7112
7121
7122
7123
7124
7128
7129
7130
7145
7146
7147
7148
7154
7155
7156
7164
7166
7173
7174
7175
7176
7177
7179
7180
7181
7194
7195
7196
7197
7198
7199
7200
7201
7202
7203
7204
7205
7234
7235
7240
7241
7253
7254
7255
7259
7260
7261
7262
7263
7275
7276
7277
7289
7290
7291
7292
7297
7298
7299
7300
7301
7302
7303
7304
7323
7324
7331
7332
7333
7334
7342
7343
7344
7345
7346
7350
7351
7352
7363
7364
7365
7366
7384
7385
7386
7388
7389
7390
7395
7396
7397
7398
7402
7403
7404
7405
7434
7435
7436
7449
7450
7451
7452
7453
7454
7455
7456
7457
7458
7459
7460
7461
7462
7463
7464
7465
7468
7469
7495
7496
7497
7498
7502
7503
7504
7505
7506
7510
7517
7518
7519
7528
7529
7530
7531
7532
7533
7534
7535
7536
7537
7538
7556
7557
7558
7559
7560
7569
7570
7571
7573
7574
7575
7576
7577
7578
7579
7580
7581
7582
7586
7587
7596
7597
7598
7601
7602
7603
7604
7605
7606
7616
7617
7618
7619
7620
7634
7635
7636
7637
7638
7639
7640
7641
7666
7667
7678
7679
7680
7681
7695
7696
7697
7709
7710
7711
7718
7719
7720
7721
7722
7723
7724
7729
7730
7733
7734
7735
7736
7737
7738
7742
7743
7749
7760
7761
7774
7775
7782
7783
7784
7814
7815
7816
7817
7818
7819
7820
7821
7822
7833
7835
7836
7837
7838
7839
7840
7845
7846
7847
7848
7849
7850
7851
7859
7860
7861
7870
7871
7872
7873
7877
7878
7879
7883
7884
7885
7892
7893
7894
7895
7896
7897
7907
7908
7909
7910
7911
7912
7913
7914
7915
7916
7925
7926
7927
7928
7929
7930
7931
7932
7933
7934
7945
7946
7947
7948
7966
7967
7980
7981
7982
7986
7987
7988
7989
7990
7991
7992
7993
7994
7995
7996
7999
8004
8005
8006
8007
8008
8009
8010
8021
8022
8023
8024
8025
8026
8027
8030
8031
8032
8033
8053
8054
8055
8056
8067
8068
8069
8080
8081
8082
8083
8084
8085
8092
8093
8105
8106
8107
8108
8109
8110
8111
8122
8123
8124
8126
8127
8128
8129
8137
8138
8139
8140
8141
8142
8143
8161
8193
8194
8195
8196
8197
8198
8206
8207
8208
8242
8243
8244
8245
8256
8257
8269
8270
8271
8272
8273
8281
8282
8283
8284
8285
8286
8291
8292
8293
8294
8295
8301
8302
8303
8310
8311
8312
8313
8314
8315
8316
8317
8318
8319
8320
8330
8331
8332
8333
8361
8362
8363
8364
8365
8366
8367
8368
8369
8370
8377
8378
8379
8382
8383
8398
8399
8400
8401
8414
8415
8416
8417
8418
8419
8420
8431
8432
8452
8453
8461
8462
8463
8464
8470
8471
8472
8477
8478
8479
8480
8484
8485
8486
8487
8488
8489
8490
8494
8495
8496
8497
8498
8499
8516
8517
8518
8519
8527
8528
8529
8530
8531
8532
8533
8534
8535
8536
8537
8538
8546
8547
8548
8549
8572
8573
8581
8589
8590
8591
8592
8621
8625
8626
8627
8628
8629
8630
8638
8639
8640
8641
8644
8645
8646
8647
8652
8653
8654
8660
8661
8662
8663
8677
8678
8679
8680
8681
8682
8683
8692
8693
8694
8695
8696
8716
8733
8737
8738
8739
8740
8741
8742
8746
8747
8748
8749
8750
8751
8752
8758
8759
8775
8776
8777
8778
8779
8780
8781
8805
8806
8807
8808
8809
8810
8811
8812
8815
8816
8817
8818
8830
8831
8832
8833
8834
8840
8841
8842
8851
8852
8856
8857
8858
8866
8867
8872
8873
8874
8875
8878
8879
8880
8887
8888
8889
8890
8891
8892
8907
8908
8932
8933
8934
8935
8936
8937
8938
8939
8940
8981
8982
8983
8991
8992
8993
8994
8999
9000
9001
9023
9024
9025
9032
9033
9045
9046
9047
9052
9053
9054
9055
9056
9057
9074
9075
9076
9077
9078
9079
9080
9090
9095
9096
9097
9098
9099
9100
9101
9102
9103
9104
9105
9106
9107
9114
9115
9116
9117
9118
9119
9120
9124
9125
9126
9136
9137
9138
9145
9146
9147
9148
9149
9150
9151
9158
9159
9160
9161
9162
9163
9164
9165
9166
9167
9172
9173
9174
9176
9177
9178
9179
9185
9197
9198
9199
9200
9201
9202
9203
9211
9212
9213
9221
9222
9223
9224
9232
9233
9234
9235
9236
9257
9258
9259
9285
9294
9295
9296
9297
9298
9299
9300
9311
9312
9313
9316
9317
9342
9343
9344
9345
9346
9347
9348
9349
9350
9351
9357
9360
9361
9362
9363
9364
9365
9369
9370
9371
9372
9389
9390
9391
9392
9393
9394
9397
9398
9399
9418
9419
9420
9421
9433
9434
9435
9456
9457
9470
9471
9482
9483
9484
9485
9505
9506
9507
9511
9512
9513
9523
9524
9525
9526
9556
9557
9558
9559
9561
9562
9563
9564
9568
9569
9570
9571
9572
9573
9574
9575
9576
9585
9586
9587
9588
9597
9598
9599
9608
9609
9610
9611
9620
9621
9622
9623
9624
9637
9640
9641
9642
9643
9644
9645
9649
9650
9651
9652
9656
9657
9667
9668
9669
9670
9675
9676
9677
9713
9714
9715
9716
9717
9718
9719
9728
9729
9730
9745
9746
9747
9750
9751
9752
9753
9754
9755
9756
9757
9758
9759
9760
9761
9762
9767
9768
9769
9770
9775
9776
9777
9778
9800
9801
9802
9818
9819
9823
9824
9825
9826
9827
9828
9864
9865
9866
9867
9875
9876
9877
9878
9879
9880
9884
9885
9886
9897
9898
9899
9900
9901
9906
9913
9914
9915
9919
9920
9921
9922
9926
9927
9928
9929
9930
9931
9932
9933
9934
9938
9939
9940
9941
9942
9943
9944
9975
9976
9977
9978
9979
9980
9981
9994
9995
9996
9997
9998
9999
10000
10001
10002
10003
10004
10012
10013
10014
10023
10024
10046
10047
10048
10055
10056
10057
10058
10059
10060
10061
10066
10067
10068
10069
10070
10071
10072
10073
10074
10075
10094
10102
10103
10104
10107
10108
10109
10110
10114
10115
10116
10117
10119
10125
10126
10127
10128
10133
10134
10143
10147
10148
10149
10155
10156
10157
10158
10159
10160
10161
10162
10163
10164
10165
10166
10167
10168
10204
10205
10206
10207
10217
10218
10219
10227
10228
10229
10230
10241
10242
10243
10244
10252
10253
10254
10255
10256
10257
10258
10269
10270
10271
10283
10284
10285
10295
10296
10310
10311
10312
10343
10344
10345
10346
10347
10348
10349
10353
10354
10355
10356
10360
10361
10362
10363
10364
10365
10366
10372
10373
10374
10375
10376
10377
10378
10402
10403
10404
10405
10406
10407
10408
10409
10413
10414
10415
10416
10417
10418
10419
10420
10421
10428
10429
10430
10433
10434
10442
10443
10444
10459
10460
10464
10465
10466
10488
10489
10490
10500
10501
10502
10503
10508
10509
10510
10511
10512
10513
10522
10523
10524
10525
10526
10527
10528
10538
10539
10540
10541
10542
10543
10544
10545
10546
10547
10548
10549
10556
10557
10558
10559
10566
10567
10568
10569
10597
10598
10599
10600
10605
10606
10607
10608
10609
10610
10623
10624
10627
10628
10629
10650
10651
10652
10653
10660
10661
10662
10663
10666
10667
10668
10669
10687
10688
10689
10690
10691
10692
10720
10721
10722
10723
10730
10731
10732
10733
10737
10738
10739
10740
10767
10768
10769
10781
10782
10783
10794
10795
10796
10797
10798
10813
10814
10815
10816
10824
10825
10826
10830
10831
10832
10854
10855
10862
10863
10866
10867
10868
10869
10883
10884
10885
10887
10888
10889
10894
10904
10905
10906
10907
10908
10909
10910
10911
10912
10913
10914
10915
10916
10917
10937
10938
10939
10940
10946
10947
10948
10949
10952
10953
10954
10955
10959
10960
10961
10962
10967
10968
10969
10970
10975
10979
10980
10981
10982
10983
10984
10985
10986
10995
10996
11024
11025
11026
11027
11045
11046
11047
11048
11052
11053
11054
11081
11082
11086
11087
11088
11090
11091
11092
11093
11094
11095
11096
11097
11101
11102
11108
11109
11110
11111
11112
11113
11117
11118
11119
11147
11148
11151
11152
11153
11154
11155
11156
11179
11180
11183
11184
11185
11192
11193
11194
11208
11209
11210
11211
11236
11237
11258
11259
11260
11261
11262
11263
11275
11276
11277
11278
11284
11285
11286
11287
11288
11293
11294
11295
11305
11306
11307
11308
11317
11318
11319
11335
11339
11340
11341
11349
11350
11359
11360
11361
11362
11363
11364
11365
11380
11381
11382
11383
11386
11387
11388
11393
11394
11395
11416
11417
11418
11419
11425
11426
11427
11428
11436
11437
11438
11439
11467
11481
11485
11486
11487
11488
11495
11510
11511
11512
11517
11518
11519
11520
11546
11547
11548
11549
11553
11554
11555
11556
11557
11558
11559
11560
11561
11562
11563
11564
11565
11590
11591
11592
11603
11604
11605
11609
11610
11611
11612
11613
11614
11615
11616
11641
11642
11650
11651
11652
11653
11654
11655
11656
11661
11662
11663
11669
11670
11671
11674
11675
11676
11688
11689
11690
11691
11701
11702
11703
11704
11705
11715
11731
11732
11733
11734
11735
11736
11743
11744
11745
11746
11757
11758
11762
11763
11773
11774
11775
11776
11777
11778
11779
11780
11781
11782
11801
11802
11803
11826
11827
11828
11829
11830
11831
11840
11841
11842
11850
11851
11852
11853
11854
11855
11856
11857
11858
11859
11860
11861
11862
11867
11868
11869
11891
11892
11893
11894
11895
11896
11897
11898
11899
11902
11903
11904
11905
11914
11915
11916
11917
11918
11919
11920
11921
11927
11928
11929
11934
11935
11936
11946
11947
11953
11954
11955
11963
11964
11965
11966
11970
11971
11972
11973
11993
11994
11995
12008
12009
12010
12011
12012
12013
12024
12025
12026
12034
12035
12036
12037
12038
12039
12040
12041
12051
12052
12053
12054
12067
12068
12069
12070
12087
12088
12089
12099
12100
12135
12136
12137
12138
12139
12140
12150
12151
12152
12153
12154
12155
12156
12161
12162
12170
12171
12172
12173
12174
12175
12176
12185
12186
12187
12207
12208
12213
12214
12215
12216
12217
12222
12223
12224
12225
12240
12241
12245
12246
12247
12248
12267
12268
12269
12270
12280
12281
12282
12283
12284
12285
12286
12290
12291
12292
12293
12306
12307
12308
12309
12317
12318
12334
12335
12336
12337
12338
12339
12343
12344
12345
12346
12363
12364
12365
12373
12374
12382
12383
12387
12388
12401
12402
12412
12413
12414
12415
12419
12420
12421
12428
12449
12450
12451
12452
12453
12471
12472
12473
12474
12489
12490
12491
12492
12493
12494
12495
12496
12497
12498
12499
12500
12501
12511
12512
12513
12543
12544
12545
12546
12552
12553
12554
12555
12556
12557
12558
12559
12560
12561
12587
12588
12589
12590
12591
12592
12597
12598
12599
12602
12644
12645
12646
12659
12660
12661
12662
12684
12685
12686
12687
12693
12694
12695
12697
12698
12699
12717
12718
12731
12732
12733
12734
12745
12746
12756
12757
12758
12759
12764
12765
12766
12767
12768
12769
12770
12771
12772
12773
12774
12775
12776
12777
12793
12794
12795
12803
12804
12805
12806
12807
12815
12816
12839
12840
12841
12842
12846
12847
12848
12849
12850
12851
12853
12854
12855
12858
12859
12860
12861
12875
12876
12877
12880
12881
12882
12887
12888
12889
12899
12900
12901
12902
12903
12904
12905
12906
12907
12908
12909
12914
12915
12916
12921
12922
12923
12932
12933
12934
12944
12945
12946
12947
12962
12963
12964
12965
12972
12973
12974
12975
12979
12980
12981
12982
13010
13011
13012
13013
13016
13017
13018
13019
13024
13025
13041
13046
13047
13048
13049
13054
13055
13056
13057
13063
13064
13065
13066
13067
13091
13092
13093
13105
13106
13107
13108
13109
13120
13121
13122
13123
13124
13125
13126
13134
13135
13136
13137
13138
13139
13170
13187
13188
13189
13190
13193
13194
13195
13197
13198
13207
13208
13209
13210
13215
13216
13217
13224
13225
13226
13236
13237
13238
13239
13251
13252
13253
13280
13281
13282
13287
13291
13292
13293
13294
13298
13299
13300
13301
13302
13306
13307
13308
13309
13310
13311
13312
13313
13314
13315
13316
13317
13321
13322
13323
13328
13329
13330
13338
13339
13340
13341
13363
13364
13365
13366
13367
13368
13369
13374
13375
13376
13377
13378
13385
13386
13387
13391
13392
13393
13402
13403
13404
13405
13406
13407
13408
13425
13426
13427
13428
13432
13433
13434
13445
13446
13447
13448
13449
13452
13453
13454
13458
13459
13460
13461
13462
13463
13467
13468
13469
13470
13471
13472
13475
13476
13492
13493
13495
13496
13497
13498
13504
13505
13506
13507
13508
13509
13515
13516
13517
13518
13523
13524
13525
13526
13529
13539
13549
13550
13551
13552
13553
13554
13555
13556
13570
13571
13576
13581
13582
13583
13584
13591
13592
13593
13594
13613
13614
13615
13616
13621
13622
13623
13624
13625
13626
13627
13628
13629
13630
13632
13633
13634
13641
13642
13643
13644
13645
13646
13647
13653
13654
13655
13656
13657
13658
13684
13685
13686
13701
13702
13709
13710
13711
13712
13713
13718
13719
13720
13727
13728
13730
13731
13732
13733
13734
13763
13764
13765
13780
13781
13796
13807
13826
13827
13842
13843
13844
13858
13859
13860
13867
13868
13875
13876
13877
13889
13890
13891
13903
13904
13905
13906
13948
13949
13950
13956
13957
13958
13966
13967
13971
13972
13988
13989
13990
13994
13995
13996
14003
14004
14005
14030
14031
14032
14039
14040
14041
14042
14043
14044
14053
14054
14055
14060
14071
14072
14073
14074
14075
14076
14081
14082
14083
14112
14142
14143
14144
14148
14149
14171
14172
14176
14177
14178
14186
14187
14188
14189
14201
14202
14203
14225
14226
14227
14230
14231
14232
14233
14234
14244
14245
14246
14247
14253
14254
14255
14256
14257
14258
14259
14260
14266
14267
14268
14269
14281
14282
14292
14293
14294
14302
14303
14304
14305
14316
14317
14318
14385
14386
14387
14418
14419
14420
14424
14425
14426
14436
14437
14438
14439
14440
14448
14449
14450
14451
14471
14472
14473
14487
14488
14489
14490
14491
14492
14493
14494
14495
14503
14504
14505
14510
14511
14512
14513
14514
14515
14516
14521
14522
14523
14524
14525
14533
14534
14540
14541
14542
14543
14554
14555
14556
14562
14563
14564
14566
14569
14570
14571
14572
14573
14574
14580
14581
14582
14583
14597
14598
14599
14600
14601
14602
14603
14604
14605
14606
14609
14610
14611
14612
14631
14632
14633
14634
14635
14636
14637
14638
14639
14640
14647
14648
14649
14650
14651
14652
14653
14668
14669
14674
14675
14676
14679
14680
14681
14695
14696
14697
14698
14705
14706
14707
14728
14729
14730
14744
14745
14746
14747
14783
14784
14785
14786
14792
14793
14794
14803
14823
14824
14825
14826
14827
14828
14829
14859
14860
14861
14862
14882
14883
14884
14885
14886
14887
14895
14896
14899
14900
14901
14902
14903
14904
14915
14916
14917
14918
14950
14951
14952
14953
14957
14958
14959
14960
14963
14964
14965
14966
14975
14976
14977
14998
14999
15000
15001
15005
15006
15007
15008
15013
15014
15015
15017
15018
15019
15020
15031
15032
15033
15034
15035
15036
15037
15051
15052
15053
15054
15076
15077
15078
15079
15080
15087
15088
15089
15090
15091
15099
15100
15101
15102
15107
15108
15124
15125
15126
15127
15137
15138
15139
15147
15148
15149
15150
15151
15152
15153
15154
15155
15156
15157
15158
15162
15172
15173
15174
15175
15180
15181
15182
15188
15189
15190
15191
15200
15201
15212
15213
15214
15215
15235
15236
15244
15245
15246
15247
15269
15270
15271
15272
15273
15274
15279
15280
15281
15282
15287
15288
15292
15293
15294
15299
15300
15301
15302
15303
15304
15305
15306
15307
15308
15324
15329
15330
15331
15341
15342
15343
15344
15347
15348
15349
15366
15376
15377
15378
15379
15384
15385
15386
15387
15388
15389
15395
15396
15397
15398
15403
15404
15405
15427
15428
15429
15455
15456
15457
15458
15465
15466
15467
15505
15506
15507
15521
15522
15523
15532
15533
15534
15535
15536
15537
15540
15541
15554
15555
15556
15579
15580
15581
15595
15596
15597
15598
15608
15609
15610
15611
15617
15618
15619
15620
15623
15624
15625
15626
15631
15632
15644
15645
15650
15651
15652
15653
15665
15666
15667
15668
15669
15670
15700
15701
15709
15710
15711
15712
15728
15729
15730
15731
15740
15741
15742
15743
15744
15756
15757
15777
15778
15779
15780
15790
15791
15792
15793
15794
15795
15796
15803
15804
15805
15806
15807
15826
15827
15828
15829
15835
15836
15837
15838
15842
15843
15844
15845
15846
15857
15860
15861
15868
15869
15870
15873
15874
15875
15876
15877
15878
15879
15895
15896
15897
15898
15899
15906
15907
15908
15909
15922
15923
15926
15927
15928
15938
15939
15940
15944
15945
15946
15947
15948
15949
15950
15959
15960
15964
15965
15988
15989
15990
15994
15995
15996
15997
15998
15999
16009
16010
16020
16021
16022
16023
16031
16032
16033
16036
16037
16038
16039
16040
16041
16042
16043
16052
16053
16068
16069
16070
16071
16082
16083
16084
16093
16099
16100
16101
16102
16103
16104
16105
16113
16114
16115
16116
16137
16138
16139
16140
16141
16159
16160
16161
16162
16167
16168
16169
16170
16180
16181
16182
16186
16187
16188
16192
16193
16196
16197
16198
16199
16200
16201
16211
16212
16213
16214
16215
16216
16217
16230
16231
16232
16233
16239
16240
16246
16247
16251
16252
16253
16266
16281
16282
16283
16291
16292
16293
16294
16309
16310
16312
16313
16314
16315
16321
16322
16323
16324
16325
16326
16330
16331
16332
16352
16353
16354
16366
16367
16368
16369
16370
16371
16372
16373
16374
16377
16378
16379
16380
16381
16382
16383
16401
16402
16403
16413
16414
16415
16430
16431
16439
16440
16442
16443
16444
16445
16446
16447
16448
16449
16450
16451
16452
16453
16454
16465
16466
16467
16468
16469
16470
16471
16472
16473
16474
16475
16476
16477
16490
16491
16492
16499
16500
16501
16502
16507
16508
16509
16510
16517
16518
16529
16530
16531
16532
16543
16544
16545
16555
16556
16557
16558
16567
16588
16589
16590
16607
16608
16609
16614
16615
16624
16625
16626
16635
16636
16637
16647
16648
16649
16650
16653
16654
16655
16665
16666
16667
16668
16669
16670
16671
16680
16681
16682
16683
16684
16699
16700
16701
16702
16704
16705
16706
16714
16715
16716
16728
16729
16730
16731
16749
16750
16770
16771
16772
16773
16774
16775
16776
16781
16782
16786
16787
16788
16789
16790
16791
16792
16793
16797
16798
16799
16800
16804
16805
16809
16810
16830
16831
16832
16857
16858
16859
16863
16864
16865
16884
16885
16886
16887
16901
16902
16903
16904
16905
16924
16925
16941
16942
16955
16956
16957
16958
16961
16962
16963
16964
16966
16967
16968
16969
16974
16975
16976
16977
16986
16987
16988
16989
17004
17005
17006
17007
17012
17013
17014
17015
17016
17017
17018
17019
17020
17025
17026
17027
17036
17037
17038
17039
17044
17045
17046
17047
17048
17049
17050
17051
17052
17053
17054
17055
17056
17057
17058
17070
17071
17072
17079
17080
17081
17089
17090
17091
17101
17102
17103
17110
17111
17112
17113
17125
17126
17127
17128
17129
17130
17131
17132
17133
17142
17143
17155
17157
17191
17192
17204
17205
17206
17207
17208
17209
17210
17211
17226
17227
17228
17233
17234
17235
17243
17244
17245
17246
17251
17252
17253
17254
17260
17261
17269
17270
17271
17286
17287
17288
17289
17290
17291
17292
17293
17294
17295
17296
17297
17326
17327
17328
17333
17334
17335
17336
17337
17341
17342
17343
17344
17345
17350
17351
17352
17355
17356
17357
17358
17359
17363
17364
17365
17366
17367
17395
17396
17397
17398
17399
17400
17404
17405
17410
17411
17416
17429
17430
17431
17436
17437
17438
17447
17451
17452
17462
17463
17464
17465
17470
17471
17472
17473
17477
17478
17479
17483
17484
17485
17486
17487
17488
17498
17499
17513
17514
17515
17516
17517
17518
17519
17520
17521
17522
17526
17527
17528
17531
17532
17533
17534
17535
17536
17538
17539
17540
17541
17555
17556
17557
17558
17573
17574
17577
17578
17589
17590
17591
17592
17593
17594
17622
17623
17624
17625
17650
17651
17652
17686
17687
17688
17689
17690
17691
17702
17703
17704
17705
17706
17707
17708
17709
17710
17711
17712
17734
17735
17736
17743
17744
17745
17746
17747
17751
17752
17753
17761
17762
17763
17764
17769
17770
17771
17776
17777
17790
17791
17792
17793
17834
17835
17836
17845
17846
17847
17858
17859
17860
17861
17888
17889
17890
17899
17900
17901
17908
17913
17914
17915
17916
17917
17918
17919
17923
17924
17925
17927
17928
17929
17930
17931
17932
17933
17950
17951
17952
17964
17965
17974
17975
17976
17977
17996
17997
17998
17999
18000
18001
18002
18003
18004
18005
18009
18015
18016
18035
18036
18037
18044
18045
18046
18047
18048
18049
18050
18055
18061
18062
18063
18064
18065
18069
18070
18071
18072
18084
18085
18086
18087
18088
18089
18092
18093
18094
18095
18096
18107
18108
18109
18113
18118
18119
18120
18121
18122
18123
18124
18125
18129
18130
18131
18132
18133
18134
18135
18142
18143
18144
18155
18156
18164
18165
18166
18167
18210
18211
18212
18213
18214
18215
18216
18226
18227
18247
18248
18249
18261
18262
18267
18268
18278
18279
18312
18313
18343
18344
18345
18346
18347
18348
18349
18350
18351
18358
18359
18363
18372
18373
18374
18375
18376
18377
18378
18382
18383
18384
18385
18392
18393
18401
18402
18403
18404
18405
18406
18407
18418
18419
18420
18421
18424
18425
18426
18427
18428
18429
18430
18443
18444
18445
18448
18449
18450
18463
18464
18465
18472
18473
18474
18475
18479
18480
18481
18482
18483
18484
18495
18496
18497
18498
18505
18506
18507
18508
18512
18513
18514
18523
18524
18525
18526
18527
18528
18529
18540
18541
18542
18543
18546
18547
18548
18568
18569
18570
18571
18584
18585
18586
18614
18615
18616
18621
18622
18623
18624
18625
18626
18627
18628
18629
18630
18631
18632
18666
18673
18674
18675
18676
18677
18678
18681
18682
18683
18717
18718
18719
18731
18732
18733
18734
18736
18737
18738
18739
18740
18741
18742
18743
18754
18755
18764
18765
18766
18767
18772
18773
18774
18775
18776
18777
18780
18781
18782
18804
18814
18815
18816
18829
18830
18831
18832
18840
18841
18842
18843
18853
18854
18855
18856
18872
18873
18888
18889
18890
18897
18898
18899
18900
18901
18902
18903
18904
18905
18906
18909
18910
18928
18943
18944
18945
18957
18961
18962
18963
18964
18973
18974
18975
18976
18977
18978
18979
18980
18981
18982
18983
19003
19004
19005
19006
19007
19008
19019
19020
19021
19039
19040
19041
19042
19052
19053
19054
19055
19059
19060
19061
19062
19063
19064
19065
19076
19077
19078
19079
19080
19081
19082
19083
19084
19093
19094
19095
19096
19097
19098
19099
19100
19101
19102
19130
19131
19132
19133
19134
19135
19136
19141
19142
19143
19148
19149
19150
19151
19157
19158
19159
19160
19173
19174
19175
19176
19177
19178
19179
19180
19189
19201
19209
19210
19211
19212
19215
19216
19217
19218
19220
19228
19229
19238
19239
19251
19252
19253
19254
19265
19266
19267
19268
19269
19270
19281
19282
19295
19296
19297
19298
19299
19300
19301
19302
19303
19304
19305
19307
19308
19309
19312
19348
19349
19350
19362
19372
19373
19374
19389
19390
19391
19392
19396
19397
19398
19399
19400
19401
19402
19403
19404
19414
19415
19416
19417
19418
19436
19437
19438
19439
19440
19441
19453
19454
19455
19456
19457
19461
19462
19463
19464
19474
19475
19476
19477
19478
19479
19480
19481
19482
19499
19500
19501
19502
19503
19504
19505
19506
19507
19508
19509
19510
19518
19519
19520
19549
19550
19551
19552
19555
19556
19557
19558
19567
19568
19569
19600
19601
19602
19603
19604
19605
19606
19633
19634
19635
19636
19637
19638
19644
19645
19659
19660
19661
19662
19686
19687
19688
19689
19704
19705
19706
19720
19721
19722
19761
19762
19763
19764
19770
19771
19772
19773
19785
19786
19787
19794
19795
19796
19797
19814
19815
19816
19817
19818
19819
19845
19846
19847
19848
19851
19852
19853
19854
19857
19864
19865
19866
19874
19875
19876
19899
19900
19901
19902
19903
19904
19905
19906
19909
19910
19911
19961
19962
19963
19974
19975
19976
19977
19978
19979
19980
19994
19995
19996
20010
20011
20012
20013
20038
20039
20040
20041
20042
20057
20058
20059
20077
20078
20079
20086
20087
20088
20089
20093
20094
20095
20102
20103
20104
20109
20110
20111
20112
20113
20124
20125
20126
20127
20140
20141
20142
20159
20160
20161
20169
20170
20185
20186
20187
20195
20196
20197
20198
20206
20215
20232
20239
20240
20256
20257
20258
20263
20264
20269
20270
20271
20272
20273
20274
20275
20279
20280
20285
20286
20287
20288
20306
20307
20308
20309
20310
20311
20312
20320
20321
20322
20323
20324
20325
20326
20327
20343
20344
20349
20350
20351
20352
20357
20369
20370
20371
20375
20376
20377
20385
20386
20387
20388
20389
20390
20391
20398
20399
20400
20401
20408
20409
20410
20423
20424
20457
20458
20459
20464
20465
20466
20467
20468
20469
20474
20475
20476
20477
20479
20480
20481
20482
20483
20490
20491
20502
20503
20504
20507
20508
20509
20510
20515
20516
20517
20525
20526
20527
20528
20529
20530
20537
20538
20539
20540
20541
20545
20546
20547
20548
20549
20550
20551
20552
20562
20586
20587
20588
20602
20603
20604
20605
20606
20607
20608
20609
20636
20637
20638
20652
20653
20658
20659
20660
20661
20699
20700
20701
20702
20703
20704
20705
20707
20708
20712
20713
20714
20722
20723
20727
20728
20729
20731
20732
20733
20737
20738
20739
20740
20757
20758
20760
20761
20762
20763
20775
20776
20777
20778
20779
20783
20784
20785
20803
20804
20805
20806
20807
20808
20809
20810
20811
20812
20813
20824
20825
20826
20827
20828
20829
20836
20837
20838
20839
20840
20841
20847
20848
20849
20850
20858
20859
20873
20874
20877
20878
20879
20882
20883
20884
20885
20886
20887
20888
20936
20937
20965
20966
20967
20974
20975
20976
20981
20982
20983
20991
20992
20993
20994
20995
21012
21013
21014
21015
21023
21024
21029
21030
21031
21045
21046
21049
21050
21051
21052
21095
21096
21097
21098
21099
21103
21104
21105
21114
21115
21116
21117
21125
21128
21129
21130
21131
21136
21137
21141
21171
21172
21173
21174
21196
21197
21198
21199
21216
21217
21221
21222
21223
21224
21225
21228
21229
21230
21231
21232
21233
21234
21235
21239
21240
21241
21242
21243
21244
21245
21246
21249
21250
21251
21252
21266
21267
21268
21269
21270
21287
21288
21289
21304
21305
21314
21315
21316
21335
21336
21337
21338
21339
21340
21341
21351
21352
21353
21354
21368
21369
21370
21371
21383
21384
21385
21391
21392
21393
21406
21407
21408
21414
21415
21416
21432
21433
21434
21435
21436
21437
21442
21443
21444
21445
21446
21447
21448
21454
21455
21456
21457
21458
21459
21460
21461
21468
21469
21470
21474
21475
21476
21495
21496
21497
21498
21499
21500
21504
21512
21513
21514
21515
21516
21517
21518
21519
21520
21521
21522
21523
21524
21528
21529
21533
21534
21545
21546
21554
21555
21576
21577
21578
21579
21583
21584
21619
21620
21621
21635
21636
21637
21644
21645
21659
21660
21662
21663
21664
21665
21666
21667
21675
21676
21677
21678
21679
21680
21683
21684
21685
21686
21696
21697
21698
21699
21700
21701
21702
21703
21706
21710
21711
21712
21713
21714
21715
21716
21720
21721
21722
21728
21729
21730
21731
21732
21733
21736
21737
21738
21739
21740
21750
21751
21752
21762
21763
21764
21765
21774
21775
21776
21777
21786
21787
21788
21789
21801
21811
21812
21813
21814
21815
21816
21817
21818
21819
21820
21836
21837
21838
21856
21857
21858
21865
21866
21867
21868
21871
21872
21873
21874
21875
21876
21880
21881
21882
21883
21884
21901
21902
21903
21904
21910
21928
21929
21930
21933
21934
21935
21943
21944
21951
21952
21953
21969
21970
21982
21983
21984
21985
21994
21995
21996
22000
22001
22002
22010
22011
22042
22043
22044
22052
22053
22054
22055
22056
22057
22058
22059
22060
22061
22067
22068
22069
22094
22095
22096
22097
22098
22099
22100
22105
22106
22134
22135
22136
22137
22145
22146
22147
22148
22149
22150
22151
22157
22158
22159
22175
22176
22180
22181
22182
22183
22184
22195
22196
22197
22198
22199
22200
22206
22207
22208
22209
22210
22211
22223
22224
22225
22226
22227
22228
22233
22234
22235
22271
22272
22273
22274
22275
22276
22277
22284
22285
22286
22287
22288
22289
22290
22308
22309
22310
22311
22312
22313
22314
22315
22316
22317
22321
22322
22326
22327
22328
22329
22336
22337
22342
22343
22344
22345
22346
22347
22348
22352
22353
22354
22363
22364
22365
22366
22370
22371
22372
22373
22380
22381
22382
22387
22388
22389
22390
22391
22392
22395
22396
22397
22400
22412
22413
22414
22426
22427
22428
22430
22431
22432
22433
22434
22435
22436
22437
22449
22450
22463
22464
22465
22470
22471
22472
22473
22474
22475
22476
22481
22482
22483
22486
22487
22488
22489
22490
22491
22492
22493
22494
22497
22498
22499
22500
22502
22503
22504
22505
22506
22507
22508
22509
22521
22522
22523
22524
22525
22526
22527
22528
22529
22530
22537
22538
22539
22540
22544
22545
22546
22547
22548
22549
22550
22551
22558
22559
22560
22561
22562
22563
22564
22574
22577
22578
22579
22580
22587
22588
22589
22610
22611
22612
22613
22614
22615
22616
22617
22631
22632
22633
22638
22639
22640
22641
22642
22648
22649
22650
22651
22655
22656
22657
22658
22668
22669
22670
22675
22676
22677
22678
22685
22686
22687
22688
22689
22695
22696
22697
22698
22699
22700
22701
22723
22724
22725
22726
22730
22738
22739
22740
22741
22745
22746
22747
22763
22764
22765
22766
22767
22768
22769
22770
22771
22772
22773
22774
22775
22776
22777
22778
22779
22780
22781
22807
22808
22809
22817
22818
22819
22827
22828
22829
22830
22831
22832
22835
22836
22837
22838
22848
22849
22850
22851
22852
22853
22867
22868
22869
22870
22874
22875
22876
22877
22878
22883
22886
22887
22888
22893
22894
22895
22896
22903
22904
22905
22906
22909
22910
22911
22912
22923
22924
22925
22926
22927
22928
22929
22930
22931
22932
22933
22940
22941
22942
22943
22957
22958
22959
22960
22961
22962
22963
22974
22981
22982
22983
22984
22985
23005
23006
23007
23020
23021
23022
23023
23027
23028
23029
23030
23031
23032
23033
23048
23049
23050
23051
23052
23053
23061
23062
23068
23069
23070
23080
23081
23082
23083
23089
23090
23095
23096
23100
23101
23102
23103
23114
23115
23116
23117
23122
23123
23124
23125
23128
23146
23147
23148
23149
23150
23151
23152
23153
23154
23155
23156
23157
23158
23159
23160
23161
23207
23208
23209
23210
23216
23217
23218
23219
23220
23221
23222
23236
23237
23277
23278
23282
23283
23292
23293
23297
23298
23299
23300
23301
23302
23303
23311
23312
23313
23330
23331
23332
23348
23349
23350
23351
23357
23358
23359
23360
23391
23392
23409
23410
23411
23412
23413
23414
23454
23458
23459
23460
23461
23462
23467
23468
23469
23472
23473
23478
23479
23480
23481
23498
23521
23522
23523
23524
23525
23526
23550
23551
23552
23559
23560
23576
23577
23593
23594
23595
23596
23597
23598
23615
23616
23617
23626
23627
23628
23629
23634
23635
23636
23637
23638
23639
23640
23641
23668
23669
23670
23710
23711
23712
23713
23714
23718
23719
23720
23721
23722
23723
23724
23725
23747
23748
23749
23750
23772
23773
23774
23777
23778
23779
23786
23787
23799
23808
23809
23813
23814
23815
23823
23824
23825
23826
23827
23828
23829
23830
23831
23832
23840
23848
23849
23850
23851
23885
23886
23887
23888
23918
23919
23920
23924
23925
23932
23933
23989
23990
23991
23992
23993
23994
23995
23996
23997
23998
23999
24015
24019
24020
24021
24022
24026
24027
24028
24029
24030
24031
24032
24042
24043
24044
24059
24060
24071
24072
24073
24074
24075
24076
24077
24078
24081
24082
24091
24092
24093
24102
24103
24104
24112
24113
24114
24115
24116
24117
24118
24138
24139
24154
24155
24156
24157
24158
24159
24160
24161
24165
24166
24167
24168
24175
24176
24177
24178
24179
24180
24184
24185
24186
24187
24188
24189
24190
24197
24198
24199
24200
24201
24218
24219
24220
24221
24232
24233
24238
24239
24240
24241
24242
24243
24252
24253
24254
24255
24256
24257
24258
24259
24280
24281
24282
24283
24284
24285
24290
24291
24292
24293
24294
24295
24296
24297
24298
24299
24300
24302
24303
24311
24312
24316
24317
24318
24319
24328
24329
24340
24341
24342
24343
24344
24345
24346
24350
24351
24352
24353
24364
24365
24366
24379
24380
24381
24398
24399
24400
24401
24406
24407
24415
24416
24417
24418
24420
24421
24422
24423
24424
24427
24428
24429
24437
24438
24441
24442
24443
24444
24453
24454
24455
24456
24457
24458
24462
24463
24464
24491
24492
24493
24494
24495
24496
24497
24499
24500
24508
24509
24510
24511
24537
24538
24539
24540
24541
24542
24549
24550
24551
24552
24553
24554
24559
24560
24561
24562
24563
24564
24580
24602
24603
24604
24608
24609
24610
24611
24612
24613
24614
24631
24632
24633
24634
24638
24639
24640
24641
24642
24643
24644
24648
24649
24650
24652
24653
24675
24676
24691
24692
24693
24694
24695
24702
24722
24723
24727
24728
24732
24733
24734
24740
24741
24777
24778
24779
24780
24781
24782
24783
24812
24813
24814
24815
24819
24820
24821
24829
24830
24831
24841
24842
24846
24847
24851
24852
24853
24854
24855
24856
24857
24858
24882
24883
24884
24900
24901
24902
24903
24904
24905
24906
24907
24922
24923
24924
24925
24926
24927
24928
24929
24930
24934
24935
24936
24937
24938
24939
24940
24941
24953
24954
24955
24956
24957
24958
24959
24960
24961
24962
24963
24964
24965
24966
24976
24977
24978
24999
25000
25001
25008
25009
25019
25020
25021
25026
25030
25031
25032
25033
25034
25035
25036
25040
25041
25042
25043
25044
25045
25050
25051
25052
25059
25060
25061
25071
25072
25073
25084
25085
25086
25087
25105
25106
25107
25112
25113
25114
25115
25139
25140
25143
25144
25145
25146
25147
25148
25149
25150
25151
25152
25153
25163
25164
25165
25166
25167
25168
25169
25174
25175
25176
25177
25178
25179
25180
25181
25187
25189
25191
25192
25194
25195
25196
25197
25201
25202
25203
25204
25208
25209
25210
25218
25219
25220
25221
25224
25225
25226
25227
25228
25229
25230
25234
25235
25236
25237
25246
25247
25248
25268
25269
25278
25279
25280
25281
25282
25283
25284
25294
25295
25296
25297
25298
25299
25300
25309
25310
25311
25312
25320
25321
25322
25323
25324
25325
25326
25327
25328
25336
25337
25338
25339
25340
25341
25342
25343
25344
25345
25346
25347
25348
25368
25369
25370
25371
25381
25382
25383
25388
25389
25390
25394
25395
25396
25406
25407
25408
25412
25413
25414
25415
25416
25417
25418
25419
25424
25425
25426
25427
25428
25429
25430
25431
25432
25433
25442
25443
25454
25455
25456
25457
25458
25459
25460
25461
25462
25463
25464
25472
25473
25483
25484
25485
25486
25490
25491
25492
25512
25513
25514
25515
25531
25532
25533
25538
25539
25540
25541
25543
25544
25545
25546
25556
25557
25558
25568
25569
25570
25571
25572
25581
25582
25583
25596
25597
25639
25640
25641
25642
25647
25648
25649
25650
25651
25652
25656
25657
25665
25666
25667
25670
25671
25672
25673
25674
25685
25686
25687
25693
25694
25695
25696
25715
25716
25717
25718
25719
25732
25733
25738
25739
25750
25751
25752
25753
25754
25755
25756
25757
25758
25759
25760
25761
25762
25772
25773
25799
25811
25814
25815
25816
25817
25818
25819
25820
25821
25840
25841
25842
25847
25856
25857
25858
25865
25866
25867
25889
25890
25915
25916
25917
25927
25928
25937
25938
25939
25940
25941
25942
25943
25944
25948
25949
25950
25951
25952
25953
25954
25955
25966
25967
25968
25984
25985
25986
25989
25990
25991
25992
25993
25994
25995
25996
25997
25998
26011
26012
26013
26014
26015
26027
26028
26032
26033
26034
26038
26039
26040
26041
26067
26068
26069
26077
26078
26079
26092
26093
26094
26095
26102
26126
26127
26128
26129
26146
26147
26151
26152
26180
26181
26182
26183
26190
26191
26192
26193
26198
26199
26200
26210
26211
26212
26218
26219
26232
26233
26234
26235
26240
26241
26242
26247
26248
26249
26250
26251
26252
26253
26254
26255
26259
26260
26261
26262
26265
26266
26277
26278
26279
26280
26281
26282
26291
26292
26293
26294
26295
26296
26300
26301
26302
26303
26304
26305
26311
26312
26313
26314
26317
26352
26353
26375
26376
26377
26378
26379
26380
26386
26387
26388
26389
26390
26391
26392
26393
26394
26395
26400
26409
26410
26411
26412
26417
26418
26423
26424
26425
26426
26427
26428
26429
26434
26435
26436
26440
26441
26442
26468
26469
26470
26497
26498
26499
26500
26501
26502
26506
26507
26508
26517
26518
26519
26524
26525
26526
26527
26528
26529
26530
26531
26532
26533
26534
26535
26536
26537
26538
26539
26540
26541
26562
26563
26564
26568
26569
26570
26571
26572
26575
26576
26577
26578
26579
26580
26581
26586
26587
26588
26589
26592
26593
26607
26608
26609
26610
26617
26618
26619
26620
26621
26622
26623
26627
26628
26629
26630
26647
26648
26649
26650
26658
26659
26660
26661
26668
26669
26670
26671
26686
26687
26688
26689
26690
26691
26692
26693
26694
26701
26702
26703
26704
26705
26706
26707
26708
26709
26710
26713
26714
26715
26716
26723
26724
26725
26726
26727
26728
26734
26735
26736
26748
26749
26750
26762
26763
26764
26775
26776
26777
26778
26779
26780
26781
26782
26786
26787
26788
26789
26790
26791
26792
26806
26807
26808
26809
26825
26826
26827
26828
26837
26838
26839
26845
26866
26867
26868
26885
26897
26898
26902
26903
26904
26909
26910
26911
26920
26921
26922
26930
26931
26932
26937
26938
26939
26940
26941
26942
26946
26947
26948
26953
26954
26955
26959
26960
26961
26962
26965
26966
26967
26968
26975
26976
26998
26999
27000
27001
27002
27003
27004
27005
27006
27007
27008
27009
27010
27011
27012
27013
27014
27015
27016
27017
27022
27023
27024
27025
27026
27027
27037
27052
27053
27054
27059
27060
27061
27065
27066
27067
27070
27071
27079
27080
27086
27087
27088
27094
27095
27096
27097
27102
27108
27109
27110
27111
27112
27113
27118
27119
27120
27121
27122
27123
27124
27125
27126
27127
27136
27137
27138
27143
27144
27145
27160
27161
27162
27163
27179
27180
27181
27185
27188
27189
27190
27191
27206
27207
27208
27210
27211
27212
27213
27214
27215
27216
27217
27218
27219
27234
27235
27236
27237
27238
27239
27240
27241
27247
27248
27256
27257
27258
27259
27260
27261
27262
27266
27267
27268
27269
27270
27271
27272
27273
27274
27275
27279
27280
27288
27289
27290
27291
27292
27299
27301
27309
27314
27315
27316
27317
27322
27323
27324
27325
27346
27347
27357
27358
27359
27360
27361
27362
27363
27364
27365
27366
27367
27373
27374
27375
27376
27377
27378
27379
27380
27384
27385
27386
27388
27389
27407
27408
27409
27410
27411
27412
27413
27414
27415
27416
27417
27425
27426
27427
27433
27434
27435
27457
27458
27459
27460
27461
27462
27463
27464
27465
27466
27467
27474
27475
27482
27483
27484
27493
27494
27495
27496
27497
27498
27503
27504
27505
27518
27519
27520
27532
27533
27534
27535
27542
27543
27544
27545
27546
27547
27581
27582
27585
27607
27608
27611
27612
27613
27628
27629
27630
27631
27638
27639
27640
27650
27651
27652
27653
27659
27660
27661
27662
27663
27671
27676
27677
27678
27679
27684
27686
27687
27688
27689
27701
27702
27710
27711
27719
27720
27721
27741
27742
27743
27748
27749
27750
27751
27753
27797
27798
27799
27823
27824
27825
27826
27846
27847
27850
27851
27852
27853
27854
27862
27863
27864
27865
27866
27867
27870
27871
27879
27880
27881
27882
27885
27886
27887
27897
27898
27899
27903
27904
27912
27913
27914
27924
27925
27926
27927
27932
27933
27952
27953
27954
27955
27966
27967
27968
27969
27980
27981
27982
27983
27984
27985
27986
28003
28004
28005
28006
28007
28008
28012
28013
28014
28015
28016
28021
28022
28023
28030
28031
28032
28033
28039
28040
28041
28046
28047
28048
28049
28050
28051
28052
28053
28054
28061
28062
28063
28064
28065
28066
28067
28079
28080
28081
28085
28086
28087
28096
28097
28098
28101
28102
28103
28104
28105
28106
28107
28115
28116
28117
28118
28119
28120
28121
28130
28131
28132
28136
28137
28138
28139
28140
28141
28142
28143
28150
28151
28152
28160
28161
28186
28187
28188
28193
28194
28195
28196
28197
28200
28201
28205
28206
28207
28208
28217
28218
28219
28223
28224
28225
28226
28244
28253
28254
28255
28256
28257
28258
28259
28260
28278
28279
28280
28286
28287
28321
28322
28323
28332
28333
28334
28335
28336
28337
28338
28339
28340
28341
28342
28343
28344
28345
28346
28350
28351
28352
28358
28359
28367
28368
28369
28370
28371
28372
28373
28374
28375
28376
28377
28378
28389
28407
28408
28409
28485
28486
28487
28488
28493
28494
28495
28496
28497
28498
28502
28503
28504
28505
28506
28507
28508
28513
28514
28515
28530
28531
28532
28533
28563
28564
28565
28566
28584
28585
28586
28590
28591
28592
28593
28610
28611
28612
28613
28631
28632
28633
28638
28639
28640
28647
28648
28649
28670
28671
28672
28676
28677
28678
28686
28687
28692
28693
28704
28705
28737
28738
28739
28740
28741
28759
28760
28764
28765
28766
28767
28768
28769
28770
28781
28782
28783
28784
28785
28786
28787
28794
28795
28796
28829
28830
28831
28835
28836
28837
28838
28854
28855
28856
28862
28863
28864
28870
28871
28872
28875
28876
28877
28878
28889
28890
28891
28892
28902
28923
28924
28933
28934
28945
28946
28947
28954
28955
28956
28957
28958
28959
28960
28961
28987
28988
28992
28993
28994
28995
29029
29030
29031
29032
29044
29045
29046
29055
29056
29057
29058
29059
29060
29065
29083
29084
29085
29086
29087
29088
29089
29090
29101
29102
29103
29110
29111
29112
29113
29114
29115
29130
29131
29132
29133
29147
29148
29161
29162
29163
29173
29174
29175
29185
29186
29190
29191
29192
29193
29196
29197
29198
29220
29221
29222
29230
29231
29236
29237
29238
29242
29247
29248
29249
29258
29259
29260
29261
29262
29266
29267
29268
29275
29276
29277
29278
29279
29280
29281
29295
29296
29302
29303
29304
29312
29313
29314
29315
29316
29317
29318
29330
29331
29332
29337
29342
29343
29344
29353
29354
29355
29356
29357
29358
29359
29360
29361
29362
29363
29366
29367
29368
29369
29370
29371
29372
29373
29374
29375
29376
29388
29389
29390
29391
29394
29395
29396
29397
29400
29401
29402
29403
29404
29410
29411
29412
29413
29419
29420
29421
29422
29423
29424
29425
29426
29427
29428
29429
29430
29431
29435
29436
29437
29440
29441
29442
29443
29444
29449
29450
29451
29460
29461
29462
29463
29464
29465
29466
29467
29483
29484
29485
29507
29508
29517
29518
29519
29538
29539
29540
29541
29542
29543
29544
29547
29548
29553
29554
29555
29556
29562
29563
29564
29565
29569
29570
29571
29583
29584
29585
29586
29595
29596
29597
29598
29599
29600
29611
29612
29613
29614
29615
29616
29617
29618
29619
29622
29623
29629
29630
29631
29632
29633
29634
29635
29636
29645
29646
29647
29648
29652
29653
29660
29661
29662
29682
29683
29684
29685
29688
29689
29690
29691
29692
29693
29694
29695
29709
29710
29711
29712
29713
29714
29715
29716
29721
29722
29723
29727
29728
29729
29734
29735
29736
29741
29742
29743
29755
29756
29761
29762
29763
29768
29769
29770
29771
29779
29780
29785
29786
29787
29788
29793
29794
29795
29796
29797
29798
29799
29800
29801
29802
29808
29809
29810
29811
29819
29820
29821
29822
29823
29824
29825
29826
29841
29842
29843
29866
29867
29868
29869
29870
29871
29885
29901
29902
29903
29904
29917
29918
29919
29920
29923
29924
29925
29926
29929
29930
29931
29932
29933
29934
29935
29939
29940
29941
29942
29943
29946
29947
29958
29959
29984
29985
29986
29994
29995
29996
30009
30032
30033
30034
30039
30040
30041
30042
30043
30044
30045
30046
30055
30056
30088
30089
30090
30091
30092
30093
30094
30095
30096
30097
30098
30099
30100
30101
30107
30111
30112
30113
30117
30118
30119
30120
30139
30140
30141
30147
30148
30149
30158
30159
30160
30161
30163
30164
30165
30166
30167
30168
30169
30170
30171
30174
30175
30176
30177
30178
30179
30180
30181
30182
30183
30200
30201
30202
30203
30210
30211
30212
30213
30214
30215
30216
30217
30218
30219
30220
30221
30229
30230
30231
30232
30233
30234
30235
30236
30237
30238
30239
30240
30241
30245
30246
30252
30253
30261
30268
30269
30307
30308
30309
30321
30322
30323
30324
30331
30332
30333
30334
30335
30336
30337
30338
30339
30344
30345
30346
30347
30353
30354
30361
30362
30363
30364
30365
30366
30367
30373
30374
30375
30376
30384
30385
30386
30387
30388
30389
30408
30409
30410
30411
30412
30413
30414
30415
30423
30436
30437
30438
30454
30455
30466
30467
30468
30469
30470
30471
30472
30473
30474
30475
30478
30479
30480
30515
30516
30517
30518
30533
30534
30535
30539
30540
30541
30559
30560
30561
30563
30564
30565
30566
30567
30571
30572
30573
30574
30575
30576
30577
30582
30583
30584
30585
30597
30598
30599
30606
30607
30608
30609
30640
30641
30644
30645
30646
30647
30678
30679
30684
30685
30686
30687
30688
30689
30692
30693
30694
30695
30696
30697
30699
30700
30705
30706
30707
30715
30716
30717
30722
30723
30733
30734
30735
30736
30737
30738
30739
30740
30741
30742
30743
30744
30752
30753
30754
30755
30756
30757
30758
30766
30767
30771
30777
30778
30779
30780
30791
30792
30793
30811
30812
30813
30814
30815
30816
30817
30818
30819
30820
30821
30822
30827
30828
30829
30834
30846
30847
30853
30854
30855
30856
30860
30861
30862
30866
30867
30868
30869
30870
30871
30872
30873
30891
30892
30893
30898
30899
30900
30901
30904
30905
30906
30907
30914
30915
30916
30917
30918
30922
30923
30924
30931
30932
30933
30940
30941
30942
30969
30970
30987
30988
30989
30990
30994
30995
31009
31010
31011
31015
31016
31017
31018
31033
31034
31035
31036
31053
31054
31055
31056
31070
31071
31072
31073
31074
31075
31076
31077
31122
31123
31139
31140
31141
31146
31147
31148
31149
31156
31157
31158
31159
31178
31184
31185
31186
31187
31193
31194
31195
31200
31201
31202
31241
31257
31258
31259
31260
31261
31262
31263
31275
31276
31277
31278
31283
31284
31285
31286
31302
31303
31304
31305
31326
31327
31328
31329
31333
31335
31336
31337
31363
31364
31365
31366
31373
31374
31375
31390
31391
31392
31393
31394
31395
31396
31401
31402
31403
31404
31405
31406
31407
31408
31409
31410
31411
31417
31418
31419
31420
31421
31422
31423
31424
31425
31426
31432
31433
31434
31442
31443
31444
31445
31446
31447
31448
31451
31452
31453
31465
31466
31469
31470
31471
31472
31474
31475
31476
31479
31480
31481
31482
31483
31484
31485
31486
31487
31488
31489
31490
31491
31492
31493
31504
31505
31508
31509
31510
31511
31518
31525
31526
31531
31532
31533
31534
31571
31578
31579
31580
31581
31586
31587
31588
31592
31593
31594
31595
31596
31597
31612
31613
31618
31619
31620
31636
31664
31665
31666
31667
31688
31689
31690
31691
31692
31693
31694
31704
31705
31706
31714
31715
31716
31717
31718
31727
31728
31729
31730
31743
31747
31748
31749
31757
31758
31759
31760
31761
31765
31766
31780
31781
31782
31793
31794
31795
31802
31803
31804
31811
31822
31823
31824
31834
31835
31836
31837
31838
31840
31841
31842
31859
31860
31861
31862
31863
31864
31865
31873
31874
31875
31876
31885
31886
31887
31890
31891
31892
31913
31914
31915
31930
31931
31932
31940
31941
31942
31943
31957
31968
31969
31970
31971
31972
31982
31983
31984
31985
31986
31992
31993
31994
31996
31997
32009
32014
32015
32016
32017
32039
32040
32041
32046
32047
32048
32051
32052
32053
32058
32059
32060
32061
32079
32080
32081
32082
32109
32110
32111
32112
32113
32114
32115
32116
32117
32118
32145
32146
32147
32156
32157
32161
32162
32187
32188
32189
32190
32191
32192
32193
32199
32200
32201
32202
32203
32204
32211
32212
32230
32231
32235
32236
32237
32246
32247
32248
32254
32255
32256
32261
32262
32270
32271
32272
32273
32282
32283
32284
32291
32295
32296
32297
32298
32311
32312
32313
32314
32315
32316
32317
32318
32319
32330
32331
32332
32337
32338
32339
32347
32348
32363
32364
32377
32378
32379
32380
32385
32386
32387
32388
32398
32399
32400
32404
32405
32406
32407
32408
32412
32413
32414
32415
32423
32424
32425
32426
32445
32446
32453
32454
32455
32456
32457
32458
32459
32460
32461
32462
32463
32464
32465
32474
32475
32476
32500
32501
32506
32507
32508
32509
32528
32529
32530
32531
32532
32533
32534
32535
32536
32537
32538
32541
32560
32561
32562
32563
32568
32569
32570
32571
32572
32573
32584
32585
32586
32587
32593
32594
32595
32596
32597
32598
32599
32600
32601
32620
32621
32622
32623
32631
32632
32647
32648
32649
32653
32654
32655
32656
32663
32664
32665
32667
32668
32669
32670
32686
32687
32688
32689
32696
32713
32714
32715
32716
32717
32718
32719
32720
32721
32744
32745
32746
32747
32748
32749
32750
32751
32752
32753
32759
32760
32761
32770
32771
32772
32773
32774
32775
32776
32777
32785
32786
32799
32800
32801
32806
32807
32808
32814
32815
32816
32821
32822
32837
32838
32839
32840
32841
32842
32843
32844
32845
32846
32850
32851
32858
32859
32860
32869
32870
32875
32876
32877
32878
32879
32880
32881
32882
32883
32884
32886
32887
32888
32889
32890
32891
32892
32893
32894
32904
32905
32906
32912
32913
32928
32929
32930
32931
32943
32954
32972
32973
32974
32975
32976
32977
32978
32985
32986
32987
32988
32989
32990
32991
32992
32997
32998
32999
33000
33005
33006
33007
33008
33009
33010
33011
33012
33013
33023
33024
33028
33029
33030
33031
33032
33033
33034
33035
33036
33037
33038
33058
33059
33060
33061
33074
33075
33076
33080
33081
33082
33083
33087
33088
33089
33090
33103
33104
33113
33114
33115
33138
33139
33152
33162
33163
33164
33165
33169
33170
33171
33192
33193
33194
33209
33210
33211
33212
33213
33214
33217
33218
33219
33220
33247
33248
33249
33250
33264
33265
33266
33285
33286
33287
33295
33296
33305
33306
33307
33308
33312
33313
33314
33315
33324
33325
33326
33327
33331
33332
33333
33334
33335
33336
33337
33338
33339
33340
33341
33342
33343
33344
33345
33346
33347
33348
33349
33350
33351
33352
33357
33358
33359
33360
33362
33363
33364
33365
33369
33370
33371
33372
33373
33374
33375
33376
33385
33386
33387
33388
33392
33393
33400
33401
33408
33409
33416
33417
33418
33419
33431
33432
33433
33443
33444
33445
33446
33447
33448
33449
33450
33458
33459
33460
33461
33465
33466
33467
33468
33469
33470
33474
33475
33476
33477
33480
33481
33482
33483
33484
33491
33492
33493
33494
33516
33517
33518
33519
33520
33521
33522
33530
33531
33532
33533
33534
33535
33536
33540
33541
33546
33547
33548
33549
33550
33551
33552
33553
33554
33555
33556
33557
33558
33559
33560
33561
33621
33622
33623
33634
33635
33643
33644
33645
33646
33647
33648
33649
33650
33651
33652
33653
33654
33655
33659
33660
33661
33662
33675
33676
33677
33678
33682
33683
33684
33685
33686
33687
33688
33693
33694
33695
33698
33699
33711
33712
33713
33722
33723
33724
33732
33733
33734
33735
33736
33737
33738
33739
33745
33746
33747
33748
33749
33750
33751
33752
33753
33754
33755
33756
33757
33758
33759
33760
33761
33770
33771
33772
33773
33778
33779
33780
33781
33782
33783
33784
33785
33790
33791
33792
33793
33794
33795
33796
33797
33798