7492.64 -42036
2613     0
4054.97 -26090
5341.38 -31740
3620.17 -22850
3785.56 -23962
3659.17 -23665
3205.61 -15080
3250.9  -15295
4504.38 -29537
4387.98 -29274
4037.77 -25827
6399.66 -31750
3124.77 -12296
2947.23 -7771
4160.58 -28085
4091.06 -27434
6831.63 -32115
4066.19 -26397
6792.41 -32088
4236.55 -28350
4031.1  -25452
3499.95 -21514
4035.4  -25529
3011.52 -12182
3916.41 -24954
3254.14 -18292
4237.5  -28734
3896.99 -24713
3361.59 -20792
4063.76 -26198
3595.59 -22039
4780.99 -31206
3142.37 -12733
3896.82 -24109
